"","codigo","ano","PREMATUROS"
"1","110001","2021","37"
"2","110002","2021","158"
"3","110003","2021","7"
"4","110004","2021","174"
"5","110005","2021","20"
"6","110006","2021","20"
"7","110007","2021","10"
"8","110008","2021","17"
"9","110009","2021","55"
"10","110010","2021","121"
"11","110011","2021","114"
"12","110012","2021","251"
"13","110013","2021","46"
"14","110014","2021","19"
"15","110015","2021","50"
"16","110018","2021","61"
"17","110020","2021","800"
"18","110025","2021","36"
"19","110026","2021","1"
"20","110028","2021","72"
"21","110029","2021","10"
"22","110030","2021","156"
"23","110032","2021","27"
"24","110033","2021","47"
"25","110034","2021","19"
"26","110037","2021","10"
"27","110040","2021","25"
"28","110045","2021","41"
"29","110050","2021","7"
"30","110060","2021","3"
"31","110070","2021","17"
"32","110080","2021","43"
"33","110090","2021","3"
"34","110092","2021","11"
"35","110094","2021","21"
"36","110100","2021","16"
"37","110110","2021","12"
"38","110120","2021","7"
"39","110130","2021","23"
"40","110140","2021","12"
"41","110143","2021","7"
"42","110145","2021","3"
"43","110146","2021","2"
"44","110147","2021","4"
"45","110148","2021","3"
"46","110149","2021","32"
"47","110150","2021","11"
"48","110155","2021","9"
"49","110160","2021","7"
"50","110170","2021","20"
"51","110175","2021","9"
"52","110180","2021","6"
"53","120001","2021","25"
"54","120005","2021","40"
"55","120010","2021","73"
"56","120013","2021","25"
"57","120017","2021","25"
"58","120020","2021","240"
"59","120025","2021","49"
"60","120030","2021","92"
"61","120032","2021","54"
"62","120033","2021","47"
"63","120034","2021","58"
"64","120035","2021","65"
"65","120038","2021","39"
"66","120039","2021","36"
"67","120040","2021","822"
"68","120042","2021","49"
"69","120043","2021","43"
"70","120045","2021","56"
"71","120050","2021","85"
"72","120060","2021","137"
"73","120070","2021","39"
"74","120080","2021","56"
"75","130000","2021","3"
"76","130002","2021","63"
"77","130006","2021","66"
"78","130008","2021","27"
"79","130010","2021","42"
"80","130014","2021","23"
"81","130020","2021","42"
"82","130030","2021","55"
"83","130040","2021","69"
"84","130050","2021","21"
"85","130060","2021","99"
"86","130063","2021","47"
"87","130068","2021","22"
"88","130070","2021","101"
"89","130080","2021","77"
"90","130083","2021","28"
"91","130090","2021","18"
"92","130100","2021","107"
"93","130110","2021","75"
"94","130115","2021","25"
"95","130120","2021","175"
"96","130130","2021","63"
"97","130140","2021","86"
"98","130150","2021","16"
"99","130160","2021","71"
"100","130165","2021","47"
"101","130170","2021","105"
"102","130180","2021","42"
"103","130185","2021","103"
"104","130190","2021","338"
"105","130195","2021","15"
"106","130200","2021","27"
"107","130210","2021","13"
"108","130220","2021","37"
"109","130230","2021","106"
"110","130240","2021","128"
"111","130250","2021","345"
"112","130255","2021","32"
"113","130260","2021","3991"
"114","130270","2021","38"
"115","130280","2021","40"
"116","130290","2021","243"
"117","130300","2021","52"
"118","130310","2021","122"
"119","130320","2021","34"
"120","130330","2021","47"
"121","130340","2021","237"
"122","130350","2021","57"
"123","130353","2021","60"
"124","130356","2021","42"
"125","130360","2021","40"
"126","130370","2021","8"
"127","130380","2021","269"
"128","130390","2021","251"
"129","130395","2021","32"
"130","130400","2021","31"
"131","130406","2021","334"
"132","130410","2021","68"
"133","130420","2021","88"
"134","130423","2021","38"
"135","130426","2021","38"
"136","130430","2021","48"
"137","130440","2021","28"
"138","140002","2021","87"
"139","140005","2021","254"
"140","140010","2021","1230"
"141","140015","2021","72"
"142","140017","2021","74"
"143","140020","2021","55"
"144","140023","2021","25"
"145","140028","2021","37"
"146","140030","2021","59"
"147","140040","2021","78"
"148","140045","2021","86"
"149","140047","2021","72"
"150","140050","2021","8"
"151","140060","2021","7"
"152","140070","2021","128"
"153","150010","2021","273"
"154","150013","2021","14"
"155","150020","2021","113"
"156","150030","2021","130"
"157","150034","2021","23"
"158","150040","2021","121"
"159","150050","2021","112"
"160","150060","2021","226"
"161","150070","2021","64"
"162","150080","2021","727"
"163","150085","2021","67"
"164","150090","2021","112"
"165","150095","2021","61"
"166","150100","2021","32"
"167","150110","2021","65"
"168","150120","2021","71"
"169","150125","2021","6"
"170","150130","2021","268"
"171","150140","2021","2341"
"172","150145","2021","30"
"173","150150","2021","110"
"174","150157","2021","43"
"175","150160","2021","19"
"176","150170","2021","308"
"177","150172","2021","47"
"178","150175","2021","9"
"179","150178","2021","80"
"180","150180","2021","267"
"181","150190","2021","48"
"182","150195","2021","38"
"183","150200","2021","56"
"184","150210","2021","437"
"185","150215","2021","207"
"186","150220","2021","112"
"187","150230","2021","94"
"188","150240","2021","272"
"189","150250","2021","33"
"190","150260","2021","16"
"191","150270","2021","71"
"192","150275","2021","62"
"193","150276","2021","21"
"194","150277","2021","52"
"195","150280","2021","121"
"196","150285","2021","29"
"197","150290","2021","54"
"198","150293","2021","55"
"199","150295","2021","44"
"200","150300","2021","17"
"201","150304","2021","28"
"202","150307","2021","53"
"203","150309","2021","58"
"204","150310","2021","74"
"205","150320","2021","71"
"206","150330","2021","131"
"207","150340","2021","15"
"208","150345","2021","101"
"209","150350","2021","50"
"210","150360","2021","340"
"211","150370","2021","103"
"212","150375","2021","156"
"213","150380","2021","79"
"214","150390","2021","166"
"215","150400","2021","88"
"216","150405","2021","72"
"217","150410","2021","8"
"218","150420","2021","713"
"219","150430","2021","50"
"220","150440","2021","57"
"221","150442","2021","188"
"222","150445","2021","55"
"223","150450","2021","81"
"224","150460","2021","67"
"225","150470","2021","159"
"226","150475","2021","34"
"227","150480","2021","133"
"228","150490","2021","63"
"229","150495","2021","35"
"230","150497","2021","28"
"231","150500","2021","18"
"232","150503","2021","63"
"233","150506","2021","139"
"234","150510","2021","134"
"235","150520","2021","58"
"236","150530","2021","223"
"237","150540","2021","47"
"238","150543","2021","67"
"239","150548","2021","59"
"240","150549","2021","9"
"241","150550","2021","94"
"242","150553","2021","587"
"243","150555","2021","19"
"244","150560","2021","8"
"245","150563","2021","20"
"246","150565","2021","40"
"247","150570","2021","55"
"248","150580","2021","59"
"249","150590","2021","110"
"250","150600","2021","77"
"251","150610","2021","17"
"252","150611","2021","12"
"253","150613","2021","206"
"254","150616","2021","18"
"255","150618","2021","53"
"256","150619","2021","42"
"257","150620","2021","84"
"258","150630","2021","43"
"259","150635","2021","30"
"260","150640","2021","6"
"261","150650","2021","100"
"262","150655","2021","41"
"263","150658","2021","37"
"264","150660","2021","38"
"265","150670","2021","78"
"266","150680","2021","881"
"267","150690","2021","11"
"268","150700","2021","48"
"269","150710","2021","25"
"270","150715","2021","57"
"271","150720","2021","47"
"272","150730","2021","103"
"273","150740","2021","18"
"274","150745","2021","34"
"275","150746","2021","8"
"276","150747","2021","34"
"277","150750","2021","33"
"278","150760","2021","108"
"279","150770","2021","79"
"280","150775","2021","8"
"281","150780","2021","20"
"282","150790","2021","75"
"283","150795","2021","125"
"284","150796","2021","17"
"285","150797","2021","33"
"286","150800","2021","193"
"287","150803","2021","69"
"288","150805","2021","31"
"289","150808","2021","69"
"290","150810","2021","187"
"291","150812","2021","28"
"292","150815","2021","121"
"293","150820","2021","83"
"294","150830","2021","177"
"295","150835","2021","34"
"296","150840","2021","101"
"297","160005","2021","9"
"298","160010","2021","20"
"299","160015","2021","46"
"300","160020","2021","40"
"301","160021","2021","22"
"302","160023","2021","17"
"303","160025","2021","13"
"304","160027","2021","126"
"305","160030","2021","947"
"306","160040","2021","78"
"307","160050","2021","88"
"308","160053","2021","49"
"309","160055","2021","13"
"310","160060","2021","321"
"311","160070","2021","47"
"312","160080","2021","55"
"313","170025","2021","3"
"314","170030","2021","10"
"315","170035","2021","6"
"316","170040","2021","21"
"317","170070","2021","19"
"318","170100","2021","16"
"319","170110","2021","7"
"320","170130","2021","1"
"321","170190","2021","13"
"322","170200","2021","15"
"323","170210","2021","331"
"324","170215","2021","4"
"325","170220","2021","44"
"326","170230","2021","7"
"327","170240","2021","18"
"328","170255","2021","28"
"329","170270","2021","3"
"330","170290","2021","19"
"331","170300","2021","10"
"332","170305","2021","9"
"333","170307","2021","12"
"334","170310","2021","7"
"335","170320","2021","6"
"336","170330","2021","13"
"337","170360","2021","1"
"338","170370","2021","4"
"339","170380","2021","12"
"340","170382","2021","1"
"341","170384","2021","17"
"342","170386","2021","8"
"343","170388","2021","4"
"344","170389","2021","3"
"345","170390","2021","14"
"346","170410","2021","2"
"347","170460","2021","2"
"348","170510","2021","11"
"349","170550","2021","59"
"350","170555","2021","10"
"351","170560","2021","14"
"352","170600","2021","7"
"353","170610","2021","9"
"354","170625","2021","3"
"355","170650","2021","13"
"356","170700","2021","35"
"357","170710","2021","17"
"358","170720","2021","10"
"359","170730","2021","7"
"360","170740","2021","21"
"361","170755","2021","7"
"362","170765","2021","8"
"363","170770","2021","8"
"364","170820","2021","36"
"365","170825","2021","6"
"366","170830","2021","9"
"367","170900","2021","31"
"368","170930","2021","42"
"369","170950","2021","150"
"370","170980","2021","3"
"371","171050","2021","14"
"372","171070","2021","7"
"373","171090","2021","6"
"374","171110","2021","5"
"375","171150","2021","2"
"376","171180","2021","4"
"377","171190","2021","32"
"378","171195","2021","6"
"379","171200","2021","7"
"380","171215","2021","3"
"381","171240","2021","8"
"382","171245","2021","6"
"383","171250","2021","9"
"384","171270","2021","7"
"385","171280","2021","7"
"386","171320","2021","39"
"387","171330","2021","20"
"388","171360","2021","10"
"389","171370","2021","4"
"390","171380","2021","5"
"391","171395","2021","8"
"392","171420","2021","12"
"393","171430","2021","7"
"394","171488","2021","15"
"395","171500","2021","2"
"396","171510","2021","5"
"397","171515","2021","2"
"398","171525","2021","8"
"399","171550","2021","2"
"400","171570","2021","5"
"401","171575","2021","12"
"402","171610","2021","104"
"403","171620","2021","25"
"404","171630","2021","7"
"405","171650","2021","28"
"406","171660","2021","18"
"407","171665","2021","8"
"408","171670","2021","18"
"409","171700","2021","7"
"410","171720","2021","3"
"411","171750","2021","6"
"412","171780","2021","4"
"413","171790","2021","18"
"414","171800","2021","4"
"415","171820","2021","125"
"416","171830","2021","15"
"417","171840","2021","6"
"418","171845","2021","5"
"419","171850","2021","4"
"420","171855","2021","2"
"421","171865","2021","3"
"422","171870","2021","3"
"423","171875","2021","10"
"424","171880","2021","8"
"425","171884","2021","3"
"426","171886","2021","6"
"427","171888","2021","2"
"428","171889","2021","3"
"429","171890","2021","14"
"430","171900","2021","11"
"431","172000","2021","4"
"432","172010","2021","7"
"433","172015","2021","3"
"434","172020","2021","11"
"435","172025","2021","5"
"436","172030","2021","4"
"437","172049","2021","3"
"438","172065","2021","8"
"439","172080","2021","12"
"440","172085","2021","2"
"441","172090","2021","17"
"442","172093","2021","2"
"443","172097","2021","7"
"444","172100","2021","572"
"445","172110","2021","18"
"446","172120","2021","59"
"447","172125","2021","5"
"448","172130","2021","3"
"449","172208","2021","5"
"450","172210","2021","21"
"451","210000","2021","1"
"452","210005","2021","181"
"453","210010","2021","10"
"454","210015","2021","15"
"455","210020","2021","29"
"456","210030","2021","57"
"457","210040","2021","4"
"458","210043","2021","50"
"459","210047","2021","44"
"460","210050","2021","11"
"461","210055","2021","12"
"462","210060","2021","66"
"463","210070","2021","36"
"464","210080","2021","33"
"465","210083","2021","31"
"466","210087","2021","17"
"467","210090","2021","58"
"468","210095","2021","74"
"469","210100","2021","53"
"470","210110","2021","20"
"471","210120","2021","89"
"472","210125","2021","25"
"473","210130","2021","16"
"474","210135","2021","12"
"475","210140","2021","276"
"476","210150","2021","36"
"477","210160","2021","190"
"478","210170","2021","150"
"479","210173","2021","27"
"480","210177","2021","14"
"481","210180","2021","9"
"482","210190","2021","19"
"483","210193","2021","6"
"484","210197","2021","22"
"485","210200","2021","81"
"486","210203","2021","47"
"487","210207","2021","3"
"488","210210","2021","58"
"489","210215","2021","3"
"490","210220","2021","47"
"491","210230","2021","40"
"492","210232","2021","125"
"493","210235","2021","10"
"494","210237","2021","14"
"495","210240","2021","17"
"496","210250","2021","36"
"497","210255","2021","11"
"498","210260","2021","44"
"499","210270","2021","34"
"500","210275","2021","18"
"501","210280","2021","28"
"502","210290","2021","62"
"503","210300","2021","355"
"504","210310","2021","18"
"505","210312","2021","14"
"506","210315","2021","30"
"507","210317","2021","24"
"508","210320","2021","112"
"509","210325","2021","20"
"510","210330","2021","229"
"511","210340","2021","55"
"512","210350","2021","77"
"513","210355","2021","25"
"514","210360","2021","123"
"515","210370","2021","43"
"516","210375","2021","15"
"517","210380","2021","44"
"518","210390","2021","17"
"519","210400","2021","34"
"520","210405","2021","45"
"521","210407","2021","10"
"522","210408","2021","42"
"523","210409","2021","22"
"524","210410","2021","15"
"525","210420","2021","29"
"526","210430","2021","13"
"527","210440","2021","17"
"528","210450","2021","18"
"529","210455","2021","26"
"530","210460","2021","23"
"531","210462","2021","8"
"532","210465","2021","6"
"533","210467","2021","47"
"534","210470","2021","6"
"535","210480","2021","106"
"536","210490","2021","20"
"537","210500","2021","64"
"538","210510","2021","53"
"539","210515","2021","37"
"540","210520","2021","15"
"541","210530","2021","395"
"542","210535","2021","32"
"543","210540","2021","172"
"544","210542","2021","28"
"545","210545","2021","15"
"546","210547","2021","78"
"547","210550","2021","43"
"548","210560","2021","29"
"549","210565","2021","7"
"550","210570","2021","55"
"551","210580","2021","15"
"552","210590","2021","19"
"553","210592","2021","14"
"554","210594","2021","7"
"555","210596","2021","25"
"556","210598","2021","4"
"557","210600","2021","13"
"558","210610","2021","20"
"559","210620","2021","20"
"560","210630","2021","14"
"561","210632","2021","45"
"562","210635","2021","10"
"563","210637","2021","27"
"564","210640","2021","35"
"565","210650","2021","61"
"566","210660","2021","66"
"567","210663","2021","10"
"568","210667","2021","12"
"569","210670","2021","29"
"570","210675","2021","26"
"571","210680","2021","26"
"572","210690","2021","51"
"573","210700","2021","14"
"574","210710","2021","30"
"575","210720","2021","38"
"576","210725","2021","6"
"577","210730","2021","2"
"578","210735","2021","27"
"579","210740","2021","20"
"580","210745","2021","17"
"581","210750","2021","210"
"582","210760","2021","26"
"583","210770","2021","22"
"584","210780","2021","55"
"585","210790","2021","17"
"586","210800","2021","26"
"587","210805","2021","28"
"588","210810","2021","28"
"589","210820","2021","40"
"590","210825","2021","48"
"591","210830","2021","92"
"592","210840","2021","9"
"593","210845","2021","44"
"594","210850","2021","46"
"595","210860","2021","113"
"596","210870","2021","26"
"597","210880","2021","43"
"598","210890","2021","23"
"599","210900","2021","20"
"600","210905","2021","8"
"601","210910","2021","58"
"602","210920","2021","18"
"603","210923","2021","8"
"604","210927","2021","28"
"605","210930","2021","35"
"606","210940","2021","17"
"607","210945","2021","66"
"608","210950","2021","46"
"609","210955","2021","3"
"610","210960","2021","76"
"611","210970","2021","13"
"612","210975","2021","5"
"613","210980","2021","33"
"614","210990","2021","157"
"615","211000","2021","102"
"616","211003","2021","47"
"617","211010","2021","56"
"618","211020","2021","54"
"619","211023","2021","13"
"620","211027","2021","17"
"621","211030","2021","28"
"622","211040","2021","29"
"623","211050","2021","59"
"624","211060","2021","38"
"625","211065","2021","12"
"626","211070","2021","45"
"627","211080","2021","3"
"628","211085","2021","6"
"629","211090","2021","18"
"630","211100","2021","31"
"631","211102","2021","12"
"632","211105","2021","10"
"633","211107","2021","33"
"634","211110","2021","34"
"635","211120","2021","393"
"636","211125","2021","9"
"637","211130","2021","2072"
"638","211140","2021","37"
"639","211150","2021","62"
"640","211153","2021","20"
"641","211157","2021","10"
"642","211160","2021","37"
"643","211163","2021","6"
"644","211167","2021","4"
"645","211170","2021","35"
"646","211172","2021","12"
"647","211174","2021","13"
"648","211176","2021","16"
"649","211178","2021","21"
"650","211180","2021","22"
"651","211190","2021","10"
"652","211195","2021","5"
"653","211200","2021","18"
"654","211210","2021","45"
"655","211220","2021","295"
"656","211223","2021","35"
"657","211227","2021","11"
"658","211230","2021","42"
"659","211240","2021","96"
"660","211245","2021","35"
"661","211250","2021","95"
"662","211260","2021","71"
"663","211270","2021","106"
"664","211280","2021","125"
"665","211285","2021","15"
"666","211290","2021","39"
"667","211300","2021","24"
"668","211400","2021","66"
"669","220005","2021","4"
"670","220010","2021","7"
"671","220020","2021","26"
"672","220025","2021","14"
"673","220027","2021","8"
"674","220030","2021","10"
"675","220040","2021","78"
"676","220045","2021","8"
"677","220050","2021","15"
"678","220060","2021","7"
"679","220070","2021","11"
"680","220080","2021","7"
"681","220090","2021","1"
"682","220095","2021","3"
"683","220100","2021","5"
"684","220105","2021","17"
"685","220110","2021","22"
"686","220115","2021","35"
"687","220117","2021","4"
"688","220120","2021","66"
"689","220130","2021","8"
"690","220140","2021","9"
"691","220150","2021","25"
"692","220155","2021","5"
"693","220157","2021","6"
"694","220160","2021","18"
"695","220170","2021","7"
"696","220173","2021","14"
"697","220177","2021","9"
"698","220180","2021","5"
"699","220190","2021","54"
"700","220191","2021","8"
"701","220192","2021","1"
"702","220194","2021","10"
"703","220196","2021","6"
"704","220198","2021","2"
"705","220200","2021","46"
"706","220202","2021","7"
"707","220205","2021","10"
"708","220207","2021","6"
"709","220208","2021","11"
"710","220209","2021","9"
"711","220210","2021","7"
"712","220211","2021","2"
"713","220213","2021","7"
"714","220217","2021","11"
"715","220220","2021","59"
"716","220225","2021","6"
"717","220230","2021","29"
"718","220240","2021","12"
"719","220245","2021","3"
"720","220250","2021","15"
"721","220253","2021","11"
"722","220255","2021","8"
"723","220260","2021","26"
"724","220265","2021","14"
"725","220270","2021","50"
"726","220271","2021","4"
"727","220272","2021","16"
"728","220273","2021","2"
"729","220275","2021","7"
"730","220277","2021","6"
"731","220280","2021","7"
"732","220285","2021","5"
"733","220290","2021","50"
"734","220300","2021","7"
"735","220310","2021","23"
"736","220320","2021","12"
"737","220323","2021","8"
"738","220325","2021","11"
"739","220327","2021","12"
"740","220330","2021","27"
"741","220335","2021","11"
"742","220340","2021","8"
"743","220342","2021","1"
"744","220345","2021","6"
"745","220350","2021","18"
"746","220360","2021","2"
"747","220370","2021","55"
"748","220375","2021","8"
"749","220380","2021","2"
"750","220385","2021","1"
"751","220390","2021","102"
"752","220400","2021","11"
"753","220410","2021","5"
"754","220415","2021","2"
"755","220420","2021","7"
"756","220430","2021","11"
"757","220435","2021","8"
"758","220440","2021","17"
"759","220450","2021","17"
"760","220455","2021","7"
"761","220460","2021","5"
"762","220465","2021","22"
"763","220470","2021","13"
"764","220480","2021","6"
"765","220490","2021","10"
"766","220500","2021","12"
"767","220510","2021","11"
"768","220515","2021","6"
"769","220520","2021","23"
"770","220525","2021","4"
"771","220527","2021","6"
"772","220530","2021","10"
"773","220535","2021","2"
"774","220540","2021","15"
"775","220545","2021","5"
"776","220550","2021","73"
"777","220551","2021","6"
"778","220552","2021","1"
"779","220553","2021","6"
"780","220554","2021","3"
"781","220555","2021","14"
"782","220556","2021","4"
"783","220557","2021","6"
"784","220558","2021","6"
"785","220559","2021","1"
"786","220560","2021","6"
"787","220570","2021","52"
"788","220580","2021","35"
"789","220585","2021","6"
"790","220590","2021","12"
"791","220595","2021","17"
"792","220600","2021","10"
"793","220605","2021","4"
"794","220610","2021","14"
"795","220620","2021","51"
"796","220635","2021","8"
"797","220640","2021","12"
"798","220650","2021","5"
"799","220660","2021","23"
"800","220665","2021","7"
"801","220667","2021","9"
"802","220669","2021","10"
"803","220670","2021","14"
"804","220672","2021","21"
"805","220675","2021","4"
"806","220680","2021","13"
"807","220690","2021","6"
"808","220695","2021","5"
"809","220700","2021","44"
"810","220710","2021","2"
"811","220720","2021","20"
"812","220730","2021","2"
"813","220735","2021","2"
"814","220740","2021","4"
"815","220750","2021","26"
"816","220755","2021","2"
"817","220760","2021","16"
"818","220770","2021","233"
"819","220775","2021","8"
"820","220777","2021","10"
"821","220779","2021","8"
"822","220780","2021","48"
"823","220785","2021","8"
"824","220790","2021","66"
"825","220793","2021","1"
"826","220795","2021","5"
"827","220800","2021","136"
"828","220810","2021","8"
"829","220820","2021","28"
"830","220830","2021","43"
"831","220840","2021","110"
"832","220850","2021","19"
"833","220855","2021","7"
"834","220860","2021","2"
"835","220865","2021","9"
"836","220870","2021","18"
"837","220880","2021","28"
"838","220885","2021","6"
"839","220887","2021","5"
"840","220890","2021","11"
"841","220900","2021","8"
"842","220910","2021","13"
"843","220915","2021","2"
"844","220920","2021","7"
"845","220930","2021","6"
"846","220935","2021","6"
"847","220937","2021","5"
"848","220940","2021","8"
"849","220945","2021","4"
"850","220950","2021","6"
"851","220955","2021","1"
"852","220960","2021","1"
"853","220965","2021","3"
"854","220970","2021","8"
"855","220975","2021","8"
"856","220980","2021","3"
"857","220985","2021","10"
"858","220987","2021","14"
"859","220990","2021","4"
"860","220995","2021","4"
"861","220997","2021","20"
"862","221000","2021","22"
"863","221005","2021","11"
"864","221010","2021","5"
"865","221020","2021","7"
"866","221030","2021","9"
"867","221035","2021","6"
"868","221037","2021","1"
"869","221038","2021","1"
"870","221039","2021","3"
"871","221040","2021","16"
"872","221050","2021","23"
"873","221060","2021","59"
"874","221062","2021","2"
"875","221063","2021","5"
"876","221065","2021","10"
"877","221070","2021","20"
"878","221080","2021","21"
"879","221090","2021","4"
"880","221093","2021","11"
"881","221095","2021","6"
"882","221097","2021","4"
"883","221100","2021","1364"
"884","221110","2021","66"
"885","221120","2021","43"
"886","221130","2021","29"
"887","221135","2021","16"
"888","221140","2021","4"
"889","221150","2021","1"
"890","221160","2021","5"
"891","221170","2021","3"
"892","230010","2021","22"
"893","230015","2021","24"
"894","230020","2021","99"
"895","230030","2021","62"
"896","230040","2021","22"
"897","230050","2021","15"
"898","230060","2021","30"
"899","230070","2021","31"
"900","230075","2021","93"
"901","230080","2021","13"
"902","230090","2021","19"
"903","230100","2021","109"
"904","230110","2021","106"
"905","230120","2021","39"
"906","230125","2021","9"
"907","230130","2021","70"
"908","230140","2021","20"
"909","230150","2021","10"
"910","230160","2021","52"
"911","230170","2021","28"
"912","230180","2021","5"
"913","230185","2021","23"
"914","230190","2021","239"
"915","230195","2021","25"
"916","230200","2021","19"
"917","230205","2021","20"
"918","230210","2021","55"
"919","230220","2021","73"
"920","230230","2021","40"
"921","230240","2021","73"
"922","230250","2021","101"
"923","230260","2021","126"
"924","230270","2021","51"
"925","230280","2021","137"
"926","230290","2021","28"
"927","230300","2021","49"
"928","230310","2021","43"
"929","230320","2021","49"
"930","230330","2021","15"
"931","230340","2021","35"
"932","230350","2021","123"
"933","230360","2021","8"
"934","230365","2021","9"
"935","230370","2021","568"
"936","230380","2021","37"
"937","230390","2021","18"
"938","230393","2021","19"
"939","230395","2021","36"
"940","230400","2021","39"
"941","230410","2021","115"
"942","230420","2021","479"
"943","230423","2021","33"
"944","230425","2021","55"
"945","230426","2021","9"
"946","230427","2021","11"
"947","230428","2021","143"
"948","230430","2021","38"
"949","230435","2021","29"
"950","230440","2021","3767"
"951","230445","2021","24"
"952","230450","2021","30"
"953","230460","2021","10"
"954","230465","2021","28"
"955","230470","2021","92"
"956","230480","2021","14"
"957","230490","2021","9"
"958","230495","2021","22"
"959","230500","2021","78"
"960","230510","2021","13"
"961","230520","2021","33"
"962","230523","2021","120"
"963","230526","2021","15"
"964","230530","2021","44"
"965","230533","2021","15"
"966","230535","2021","21"
"967","230540","2021","77"
"968","230550","2021","212"
"969","230560","2021","37"
"970","230565","2021","9"
"971","230570","2021","13"
"972","230580","2021","71"
"973","230590","2021","49"
"974","230600","2021","14"
"975","230610","2021","47"
"976","230620","2021","15"
"977","230625","2021","92"
"978","230630","2021","73"
"979","230640","2021","282"
"980","230650","2021","26"
"981","230655","2021","66"
"982","230660","2021","38"
"983","230670","2021","27"
"984","230680","2021","18"
"985","230690","2021","54"
"986","230700","2021","51"
"987","230710","2021","49"
"988","230720","2021","12"
"989","230725","2021","53"
"990","230730","2021","572"
"991","230740","2021","39"
"992","230750","2021","40"
"993","230760","2021","86"
"994","230763","2021","31"
"995","230765","2021","412"
"996","230770","2021","152"
"997","230780","2021","71"
"998","230790","2021","23"
"999","230800","2021","79"
"1000","230810","2021","101"
"1001","230820","2021","32"
"1002","230830","2021","40"
"1003","230835","2021","11"
"1004","230837","2021","15"
"1005","230840","2021","86"
"1006","230850","2021","60"
"1007","230860","2021","27"
"1008","230870","2021","79"
"1009","230880","2021","10"
"1010","230890","2021","27"
"1011","230900","2021","21"
"1012","230910","2021","23"
"1013","230920","2021","48"
"1014","230930","2021","36"
"1015","230940","2021","32"
"1016","230945","2021","47"
"1017","230950","2021","22"
"1018","230960","2021","103"
"1019","230970","2021","124"
"1020","230980","2021","19"
"1021","230990","2021","8"
"1022","231000","2021","11"
"1023","231010","2021","6"
"1024","231020","2021","72"
"1025","231025","2021","50"
"1026","231030","2021","34"
"1027","231040","2021","17"
"1028","231050","2021","46"
"1029","231060","2021","21"
"1030","231070","2021","67"
"1031","231080","2021","25"
"1032","231085","2021","26"
"1033","231090","2021","21"
"1034","231095","2021","14"
"1035","231100","2021","7"
"1036","231110","2021","38"
"1037","231120","2021","28"
"1038","231123","2021","11"
"1039","231126","2021","22"
"1040","231130","2021","100"
"1041","231135","2021","25"
"1042","231140","2021","176"
"1043","231150","2021","23"
"1044","231160","2021","39"
"1045","231170","2021","33"
"1046","231180","2021","106"
"1047","231190","2021","24"
"1048","231195","2021","74"
"1049","231200","2021","44"
"1050","231210","2021","44"
"1051","231220","2021","69"
"1052","231230","2021","98"
"1053","231240","2021","102"
"1054","231250","2021","4"
"1055","231260","2021","13"
"1056","231270","2021","27"
"1057","231280","2021","7"
"1058","231290","2021","390"
"1059","231300","2021","27"
"1060","231310","2021","39"
"1061","231320","2021","21"
"1062","231325","2021","11"
"1063","231330","2021","94"
"1064","231335","2021","23"
"1065","231340","2021","203"
"1066","231350","2021","104"
"1067","231355","2021","39"
"1068","231360","2021","64"
"1069","231370","2021","4"
"1070","231375","2021","36"
"1071","231380","2021","48"
"1072","231390","2021","28"
"1073","231395","2021","33"
"1074","231400","2021","66"
"1075","231410","2021","119"
"1076","240010","2021","10"
"1077","240020","2021","91"
"1078","240030","2021","22"
"1079","240040","2021","7"
"1080","240050","2021","17"
"1081","240060","2021","7"
"1082","240070","2021","25"
"1083","240080","2021","19"
"1084","240090","2021","9"
"1085","240100","2021","48"
"1086","240110","2021","54"
"1087","240120","2021","29"
"1088","240130","2021","9"
"1089","240140","2021","17"
"1090","240145","2021","58"
"1091","240150","2021","9"
"1092","240160","2021","10"
"1093","240165","2021","6"
"1094","240170","2021","14"
"1095","240180","2021","23"
"1096","240185","2021","7"
"1097","240190","2021","7"
"1098","240200","2021","76"
"1099","240210","2021","20"
"1100","240220","2021","54"
"1101","240230","2021","35"
"1102","240240","2021","10"
"1103","240250","2021","17"
"1104","240260","2021","138"
"1105","240270","2021","13"
"1106","240280","2021","13"
"1107","240290","2021","11"
"1108","240300","2021","7"
"1109","240310","2021","67"
"1110","240320","2021","6"
"1111","240325","2021","431"
"1112","240330","2021","15"
"1113","240340","2021","4"
"1114","240350","2021","10"
"1115","240360","2021","95"
"1116","240370","2021","7"
"1117","240375","2021","11"
"1118","240380","2021","8"
"1119","240390","2021","3"
"1120","240400","2021","8"
"1121","240410","2021","3"
"1122","240420","2021","49"
"1123","240430","2021","18"
"1124","240440","2021","14"
"1125","240450","2021","29"
"1126","240460","2021","17"
"1127","240470","2021","31"
"1128","240480","2021","1"
"1129","240485","2021","9"
"1130","240490","2021","6"
"1131","240500","2021","14"
"1132","240510","2021","13"
"1133","240520","2021","8"
"1134","240530","2021","18"
"1135","240540","2021","16"
"1136","240550","2021","1"
"1137","240560","2021","14"
"1138","240570","2021","12"
"1139","240580","2021","61"
"1140","240590","2021","4"
"1141","240600","2021","17"
"1142","240610","2021","27"
"1143","240615","2021","2"
"1144","240620","2021","11"
"1145","240630","2021","14"
"1146","240640","2021","3"
"1147","240650","2021","26"
"1148","240660","2021","14"
"1149","240670","2021","18"
"1150","240680","2021","15"
"1151","240690","2021","3"
"1152","240700","2021","14"
"1153","240710","2021","156"
"1154","240720","2021","37"
"1155","240725","2021","7"
"1156","240730","2021","3"
"1157","240740","2021","13"
"1158","240750","2021","22"
"1159","240760","2021","4"
"1160","240770","2021","13"
"1161","240780","2021","26"
"1162","240790","2021","6"
"1163","240800","2021","635"
"1164","240810","2021","1275"
"1165","240820","2021","37"
"1166","240830","2021","51"
"1167","240840","2021","3"
"1168","240850","2021","6"
"1169","240860","2021","9"
"1170","240870","2021","10"
"1171","240880","2021","17"
"1172","240890","2021","33"
"1173","240895","2021","14"
"1174","240910","2021","21"
"1175","240920","2021","5"
"1176","240930","2021","20"
"1177","240933","2021","12"
"1178","240940","2021","52"
"1179","240950","2021","6"
"1180","240960","2021","6"
"1181","240970","2021","4"
"1182","240980","2021","25"
"1183","240990","2021","22"
"1184","241000","2021","2"
"1185","241010","2021","28"
"1186","241020","2021","16"
"1187","241025","2021","15"
"1188","241030","2021","18"
"1189","241040","2021","15"
"1190","241050","2021","6"
"1191","241060","2021","2"
"1192","241070","2021","3"
"1193","241080","2021","1"
"1194","241090","2021","16"
"1195","241100","2021","7"
"1196","241105","2021","13"
"1197","241110","2021","5"
"1198","241120","2021","70"
"1199","241140","2021","19"
"1200","241142","2021","6"
"1201","241150","2021","31"
"1202","241160","2021","6"
"1203","241170","2021","8"
"1204","241180","2021","1"
"1205","241190","2021","10"
"1206","241200","2021","178"
"1207","241210","2021","5"
"1208","241220","2021","72"
"1209","241230","2021","21"
"1210","241240","2021","10"
"1211","241250","2021","42"
"1212","241255","2021","19"
"1213","241260","2021","29"
"1214","241270","2021","7"
"1215","241280","2021","10"
"1216","241290","2021","18"
"1217","241300","2021","6"
"1218","241310","2021","11"
"1219","241320","2021","7"
"1220","241330","2021","4"
"1221","241335","2021","27"
"1222","241340","2021","7"
"1223","241350","2021","9"
"1224","241355","2021","10"
"1225","241360","2021","6"
"1226","241370","2021","4"
"1227","241380","2021","3"
"1228","241390","2021","13"
"1229","241400","2021","40"
"1230","241410","2021","15"
"1231","241415","2021","12"
"1232","241420","2021","29"
"1233","241430","2021","3"
"1234","241440","2021","54"
"1235","241445","2021","7"
"1236","241450","2021","17"
"1237","241460","2021","19"
"1238","241470","2021","3"
"1239","241475","2021","6"
"1240","241480","2021","24"
"1241","241490","2021","4"
"1242","241500","2021","4"
"1243","250010","2021","10"
"1244","250020","2021","4"
"1245","250030","2021","44"
"1246","250040","2021","45"
"1247","250050","2021","18"
"1248","250053","2021","6"
"1249","250057","2021","5"
"1250","250060","2021","29"
"1251","250070","2021","20"
"1252","250073","2021","1"
"1253","250077","2021","9"
"1254","250080","2021","18"
"1255","250090","2021","17"
"1256","250100","2021","33"
"1257","250110","2021","34"
"1258","250115","2021","6"
"1259","250120","2021","8"
"1260","250130","2021","30"
"1261","250135","2021","10"
"1262","250140","2021","21"
"1263","250150","2021","23"
"1264","250153","2021","7"
"1265","250157","2021","15"
"1266","250160","2021","20"
"1267","250170","2021","10"
"1268","250180","2021","100"
"1269","250190","2021","17"
"1270","250200","2021","5"
"1271","250205","2021","6"
"1272","250210","2021","2"
"1273","250215","2021","11"
"1274","250220","2021","5"
"1275","250230","2021","2"
"1276","250240","2021","24"
"1277","250250","2021","35"
"1278","250260","2021","6"
"1279","250270","2021","6"
"1280","250280","2021","18"
"1281","250290","2021","10"
"1282","250300","2021","39"
"1283","250310","2021","7"
"1284","250320","2021","114"
"1285","250330","2021","11"
"1286","250340","2021","5"
"1287","250350","2021","22"
"1288","250355","2021","16"
"1289","250360","2021","10"
"1290","250370","2021","125"
"1291","250375","2021","5"
"1292","250380","2021","7"
"1293","250390","2021","15"
"1294","250400","2021","801"
"1295","250403","2021","16"
"1296","250407","2021","7"
"1297","250410","2021","1"
"1298","250415","2021","15"
"1299","250420","2021","10"
"1300","250430","2021","35"
"1301","250435","2021","7"
"1302","250440","2021","31"
"1303","250450","2021","4"
"1304","250460","2021","42"
"1305","250470","2021","4"
"1306","250480","2021","18"
"1307","250485","2021","5"
"1308","250490","2021","18"
"1309","250500","2021","11"
"1310","250510","2021","29"
"1311","250520","2021","13"
"1312","250523","2021","14"
"1313","250527","2021","4"
"1314","250530","2021","1"
"1315","250535","2021","6"
"1316","250540","2021","18"
"1317","250550","2021","4"
"1318","250560","2021","6"
"1319","250570","2021","18"
"1320","250580","2021","7"
"1321","250590","2021","3"
"1322","250600","2021","52"
"1323","250610","2021","36"
"1324","250620","2021","2"
"1325","250625","2021","25"
"1326","250630","2021","79"
"1327","250640","2021","12"
"1328","250650","2021","6"
"1329","250660","2021","8"
"1330","250670","2021","17"
"1331","250680","2021","25"
"1332","250690","2021","38"
"1333","250700","2021","31"
"1334","250710","2021","18"
"1335","250720","2021","29"
"1336","250730","2021","15"
"1337","250740","2021","9"
"1338","250750","2021","1192"
"1339","250760","2021","9"
"1340","250770","2021","47"
"1341","250780","2021","13"
"1342","250790","2021","14"
"1343","250800","2021","12"
"1344","250810","2021","6"
"1345","250820","2021","15"
"1346","250830","2021","55"
"1347","250840","2021","6"
"1348","250850","2021","14"
"1349","250855","2021","3"
"1350","250860","2021","16"
"1351","250870","2021","7"
"1352","250880","2021","8"
"1353","250890","2021","69"
"1354","250900","2021","15"
"1355","250905","2021","20"
"1356","250910","2021","19"
"1357","250915","2021","3"
"1358","250920","2021","21"
"1359","250930","2021","18"
"1360","250933","2021","13"
"1361","250937","2021","1"
"1362","250939","2021","11"
"1363","250940","2021","24"
"1364","250950","2021","13"
"1365","250960","2021","5"
"1366","250970","2021","51"
"1367","250980","2021","11"
"1368","250990","2021","12"
"1369","251000","2021","11"
"1370","251010","2021","7"
"1371","251020","2021","5"
"1372","251030","2021","9"
"1373","251040","2021","7"
"1374","251050","2021","3"
"1375","251060","2021","1"
"1376","251065","2021","1"
"1377","251070","2021","1"
"1378","251080","2021","146"
"1379","251090","2021","12"
"1380","251100","2021","1"
"1381","251110","2021","6"
"1382","251120","2021","45"
"1383","251130","2021","22"
"1384","251140","2021","26"
"1385","251150","2021","21"
"1386","251160","2021","19"
"1387","251170","2021","6"
"1388","251180","2021","18"
"1389","251190","2021","30"
"1390","251200","2021","28"
"1391","251203","2021","8"
"1392","251207","2021","3"
"1393","251210","2021","26"
"1394","251220","2021","7"
"1395","251230","2021","32"
"1396","251240","2021","36"
"1397","251250","2021","90"
"1398","251260","2021","3"
"1399","251270","2021","23"
"1400","251272","2021","8"
"1401","251274","2021","3"
"1402","251275","2021","7"
"1403","251276","2021","3"
"1404","251278","2021","1"
"1405","251280","2021","5"
"1406","251290","2021","35"
"1407","251300","2021","2"
"1408","251310","2021","19"
"1409","251315","2021","16"
"1410","251320","2021","13"
"1411","251330","2021","11"
"1412","251335","2021","5"
"1413","251340","2021","21"
"1414","251350","2021","3"
"1415","251360","2021","4"
"1416","251365","2021","1"
"1417","251370","2021","164"
"1418","251380","2021","3"
"1419","251385","2021","3"
"1420","251390","2021","56"
"1421","251392","2021","7"
"1422","251396","2021","4"
"1423","251398","2021","4"
"1424","251400","2021","9"
"1425","251410","2021","5"
"1426","251420","2021","8"
"1427","251430","2021","5"
"1428","251440","2021","8"
"1429","251445","2021","5"
"1430","251450","2021","40"
"1431","251455","2021","5"
"1432","251460","2021","1"
"1433","251465","2021","4"
"1434","251470","2021","3"
"1435","251480","2021","6"
"1436","251490","2021","8"
"1437","251500","2021","10"
"1438","251510","2021","22"
"1439","251520","2021","3"
"1440","251530","2021","67"
"1441","251540","2021","14"
"1442","251550","2021","16"
"1443","251560","2021","5"
"1444","251570","2021","8"
"1445","251580","2021","11"
"1446","251590","2021","9"
"1447","251593","2021","7"
"1448","251597","2021","10"
"1449","251600","2021","45"
"1450","251610","2021","23"
"1451","251615","2021","6"
"1452","251620","2021","126"
"1453","251630","2021","27"
"1454","251640","2021","15"
"1455","251650","2021","32"
"1456","251660","2021","14"
"1457","251670","2021","14"
"1458","251675","2021","2"
"1459","251680","2021","14"
"1460","251690","2021","23"
"1461","251700","2021","14"
"1462","251710","2021","2"
"1463","251720","2021","3"
"1464","251740","2021","4"
"1465","260000","2021","2"
"1466","260005","2021","136"
"1467","260010","2021","45"
"1468","260020","2021","24"
"1469","260030","2021","34"
"1470","260040","2021","34"
"1471","260050","2021","71"
"1472","260060","2021","23"
"1473","260070","2021","66"
"1474","260080","2021","23"
"1475","260090","2021","22"
"1476","260100","2021","12"
"1477","260105","2021","47"
"1478","260110","2021","164"
"1479","260120","2021","123"
"1480","260130","2021","17"
"1481","260140","2021","68"
"1482","260150","2021","8"
"1483","260160","2021","35"
"1484","260170","2021","122"
"1485","260180","2021","23"
"1486","260190","2021","57"
"1487","260200","2021","64"
"1488","260210","2021","38"
"1489","260220","2021","50"
"1490","260230","2021","73"
"1491","260240","2021","28"
"1492","260250","2021","5"
"1493","260260","2021","76"
"1494","260270","2021","33"
"1495","260280","2021","101"
"1496","260290","2021","301"
"1497","260300","2021","52"
"1498","260310","2021","29"
"1499","260320","2021","60"
"1500","260330","2021","8"
"1501","260340","2021","20"
"1502","260345","2021","249"
"1503","260350","2021","27"
"1504","260360","2021","10"
"1505","260370","2021","36"
"1506","260380","2021","30"
"1507","260390","2021","29"
"1508","260392","2021","32"
"1509","260400","2021","104"
"1510","260410","2021","539"
"1511","260415","2021","14"
"1512","260420","2021","46"
"1513","260430","2021","26"
"1514","260440","2021","30"
"1515","260450","2021","30"
"1516","260460","2021","40"
"1517","260470","2021","17"
"1518","260480","2021","9"
"1519","260490","2021","13"
"1520","260500","2021","32"
"1521","260510","2021","55"
"1522","260515","2021","28"
"1523","260520","2021","74"
"1524","260530","2021","39"
"1525","260540","2021","39"
"1526","260545","2021","6"
"1527","260550","2021","13"
"1528","260560","2021","31"
"1529","260570","2021","62"
"1530","260580","2021","18"
"1531","260590","2021","28"
"1532","260600","2021","254"
"1533","260610","2021","45"
"1534","260620","2021","120"
"1535","260630","2021","15"
"1536","260640","2021","95"
"1537","260650","2021","31"
"1538","260660","2021","49"
"1539","260670","2021","11"
"1540","260680","2021","164"
"1541","260690","2021","12"
"1542","260700","2021","37"
"1543","260710","2021","6"
"1544","260720","2021","191"
"1545","260730","2021","56"
"1546","260740","2021","9"
"1547","260750","2021","52"
"1548","260760","2021","31"
"1549","260765","2021","55"
"1550","260770","2021","17"
"1551","260775","2021","45"
"1552","260780","2021","24"
"1553","260790","2021","1043"
"1554","260795","2021","15"
"1555","260800","2021","26"
"1556","260805","2021","23"
"1557","260810","2021","44"
"1558","260820","2021","19"
"1559","260825","2021","23"
"1560","260830","2021","39"
"1561","260840","2021","21"
"1562","260845","2021","25"
"1563","260850","2021","39"
"1564","260860","2021","11"
"1565","260870","2021","13"
"1566","260875","2021","56"
"1567","260880","2021","88"
"1568","260890","2021","93"
"1569","260900","2021","30"
"1570","260910","2021","26"
"1571","260915","2021","20"
"1572","260920","2021","16"
"1573","260930","2021","45"
"1574","260940","2021","63"
"1575","260950","2021","51"
"1576","260960","2021","564"
"1577","260970","2021","36"
"1578","260980","2021","32"
"1579","260990","2021","105"
"1580","261000","2021","82"
"1581","261010","2021","12"
"1582","261020","2021","45"
"1583","261030","2021","24"
"1584","261040","2021","25"
"1585","261050","2021","37"
"1586","261060","2021","91"
"1587","261070","2021","400"
"1588","261080","2021","37"
"1589","261090","2021","116"
"1590","261100","2021","61"
"1591","261110","2021","639"
"1592","261120","2021","23"
"1593","261130","2021","37"
"1594","261140","2021","11"
"1595","261150","2021","20"
"1596","261153","2021","9"
"1597","261160","2021","2065"
"1598","261170","2021","25"
"1599","261180","2021","48"
"1600","261190","2021","35"
"1601","261200","2021","9"
"1602","261210","2021","3"
"1603","261220","2021","171"
"1604","261230","2021","22"
"1605","261240","2021","28"
"1606","261245","2021","28"
"1607","261247","2021","17"
"1608","261250","2021","139"
"1609","261255","2021","15"
"1610","261260","2021","76"
"1611","261270","2021","22"
"1612","261280","2021","14"
"1613","261290","2021","19"
"1614","261300","2021","81"
"1615","261310","2021","42"
"1616","261320","2021","31"
"1617","261330","2021","29"
"1618","261340","2021","30"
"1619","261350","2021","54"
"1620","261360","2021","38"
"1621","261370","2021","162"
"1622","261380","2021","29"
"1623","261390","2021","252"
"1624","261400","2021","45"
"1625","261410","2021","46"
"1626","261420","2021","51"
"1627","261430","2021","16"
"1628","261440","2021","7"
"1629","261450","2021","90"
"1630","261460","2021","34"
"1631","261470","2021","23"
"1632","261480","2021","35"
"1633","261485","2021","45"
"1634","261500","2021","40"
"1635","261510","2021","10"
"1636","261520","2021","30"
"1637","261530","2021","74"
"1638","261540","2021","62"
"1639","261550","2021","22"
"1640","261560","2021","56"
"1641","261570","2021","28"
"1642","261580","2021","39"
"1643","261590","2021","16"
"1644","261600","2021","35"
"1645","261610","2021","31"
"1646","261618","2021","15"
"1647","261620","2021","41"
"1648","261630","2021","40"
"1649","261640","2021","215"
"1650","261650","2021","22"
"1651","270010","2021","29"
"1652","270020","2021","14"
"1653","270030","2021","405"
"1654","270040","2021","82"
"1655","270050","2021","43"
"1656","270060","2021","18"
"1657","270070","2021","20"
"1658","270080","2021","10"
"1659","270090","2021","6"
"1660","270100","2021","40"
"1661","270110","2021","21"
"1662","270120","2021","23"
"1663","270130","2021","22"
"1664","270135","2021","9"
"1665","270140","2021","37"
"1666","270150","2021","15"
"1667","270160","2021","36"
"1668","270170","2021","22"
"1669","270180","2021","15"
"1670","270190","2021","10"
"1671","270200","2021","20"
"1672","270210","2021","35"
"1673","270220","2021","7"
"1674","270230","2021","104"
"1675","270235","2021","45"
"1676","270240","2021","59"
"1677","270250","2021","24"
"1678","270255","2021","30"
"1679","270260","2021","41"
"1680","270270","2021","12"
"1681","270280","2021","26"
"1682","270290","2021","59"
"1683","270300","2021","32"
"1684","270310","2021","37"
"1685","270320","2021","25"
"1686","270330","2021","27"
"1687","270340","2021","10"
"1688","270350","2021","10"
"1689","270360","2021","38"
"1690","270370","2021","7"
"1691","270375","2021","26"
"1692","270380","2021","47"
"1693","270390","2021","9"
"1694","270400","2021","29"
"1695","270410","2021","26"
"1696","270420","2021","34"
"1697","270430","2021","1499"
"1698","270440","2021","24"
"1699","270450","2021","61"
"1700","270460","2021","22"
"1701","270470","2021","99"
"1702","270480","2021","21"
"1703","270490","2021","4"
"1704","270500","2021","38"
"1705","270510","2021","45"
"1706","270520","2021","36"
"1707","270530","2021","9"
"1708","270540","2021","11"
"1709","270550","2021","51"
"1710","270560","2021","15"
"1711","270570","2021","44"
"1712","270580","2021","16"
"1713","270590","2021","5"
"1714","270600","2021","21"
"1715","270610","2021","29"
"1716","270620","2021","8"
"1717","270630","2021","98"
"1718","270640","2021","46"
"1719","270642","2021","14"
"1720","270644","2021","32"
"1721","270650","2021","23"
"1722","270660","2021","13"
"1723","270670","2021","148"
"1724","270680","2021","27"
"1725","270690","2021","60"
"1726","270700","2021","6"
"1727","270710","2021","46"
"1728","270720","2021","34"
"1729","270730","2021","44"
"1730","270740","2021","24"
"1731","270750","2021","29"
"1732","270760","2021","22"
"1733","270770","2021","164"
"1734","270780","2021","14"
"1735","270790","2021","9"
"1736","270800","2021","99"
"1737","270810","2021","15"
"1738","270820","2021","4"
"1739","270830","2021","43"
"1740","270840","2021","61"
"1741","270850","2021","40"
"1742","270860","2021","55"
"1743","270870","2021","14"
"1744","270880","2021","48"
"1745","270890","2021","42"
"1746","270895","2021","28"
"1747","270900","2021","10"
"1748","270910","2021","22"
"1749","270915","2021","50"
"1750","270920","2021","32"
"1751","270930","2021","119"
"1752","270940","2021","54"
"1753","280010","2021","6"
"1754","280020","2021","36"
"1755","280030","2021","784"
"1756","280040","2021","11"
"1757","280050","2021","14"
"1758","280060","2021","60"
"1759","280067","2021","34"
"1760","280070","2021","14"
"1761","280100","2021","22"
"1762","280110","2021","6"
"1763","280120","2021","48"
"1764","280130","2021","69"
"1765","280140","2021","27"
"1766","280150","2021","17"
"1767","280160","2021","5"
"1768","280170","2021","21"
"1769","280190","2021","3"
"1770","280200","2021","8"
"1771","280210","2021","122"
"1772","280220","2021","10"
"1773","280230","2021","18"
"1774","280240","2021","10"
"1775","280250","2021","11"
"1776","280260","2021","12"
"1777","280270","2021","12"
"1778","280280","2021","42"
"1779","280290","2021","112"
"1780","280300","2021","66"
"1781","280310","2021","7"
"1782","280320","2021","38"
"1783","280330","2021","16"
"1784","280340","2021","23"
"1785","280350","2021","162"
"1786","280360","2021","37"
"1787","280370","2021","5"
"1788","280380","2021","9"
"1789","280390","2021","15"
"1790","280400","2021","22"
"1791","280410","2021","13"
"1792","280420","2021","20"
"1793","280430","2021","16"
"1794","280440","2021","22"
"1795","280445","2021","10"
"1796","280450","2021","51"
"1797","280460","2021","32"
"1798","280470","2021","9"
"1799","280480","2021","243"
"1800","280490","2021","23"
"1801","280500","2021","5"
"1802","280510","2021","12"
"1803","280520","2021","6"
"1804","280530","2021","12"
"1805","280540","2021","50"
"1806","280550","2021","18"
"1807","280560","2021","36"
"1808","280570","2021","36"
"1809","280580","2021","22"
"1810","280590","2021","16"
"1811","280600","2021","15"
"1812","280610","2021","12"
"1813","280620","2021","25"
"1814","280630","2021","22"
"1815","280640","2021","15"
"1816","280650","2021","6"
"1817","280660","2021","15"
"1818","280670","2021","116"
"1819","280680","2021","12"
"1820","280690","2021","3"
"1821","280700","2021","5"
"1822","280710","2021","63"
"1823","280720","2021","9"
"1824","280730","2021","8"
"1825","280740","2021","58"
"1826","280750","2021","17"
"1827","280760","2021","40"
"1828","290010","2021","3"
"1829","290020","2021","33"
"1830","290030","2021","12"
"1831","290035","2021","30"
"1832","290040","2021","14"
"1833","290050","2021","11"
"1834","290060","2021","5"
"1835","290070","2021","209"
"1836","290080","2021","49"
"1837","290090","2021","3"
"1838","290100","2021","38"
"1839","290110","2021","19"
"1840","290115","2021","21"
"1841","290120","2021","35"
"1842","290130","2021","24"
"1843","290135","2021","23"
"1844","290140","2021","13"
"1845","290150","2021","7"
"1846","290160","2021","18"
"1847","290170","2021","8"
"1848","290180","2021","19"
"1849","290190","2021","15"
"1850","290195","2021","18"
"1851","290200","2021","26"
"1852","290205","2021","13"
"1853","290210","2021","76"
"1854","290220","2021","12"
"1855","290225","2021","12"
"1856","290230","2021","13"
"1857","290240","2021","21"
"1858","290250","2021","12"
"1859","290260","2021","19"
"1860","290265","2021","21"
"1861","290270","2021","92"
"1862","290280","2021","41"
"1863","290290","2021","52"
"1864","290300","2021","17"
"1865","290310","2021","11"
"1866","290320","2021","358"
"1867","290323","2021","10"
"1868","290327","2021","18"
"1869","290330","2021","9"
"1870","290340","2021","30"
"1871","290350","2021","32"
"1872","290360","2021","28"
"1873","290370","2021","17"
"1874","290380","2021","23"
"1875","290390","2021","103"
"1876","290395","2021","16"
"1877","290400","2021","4"
"1878","290405","2021","23"
"1879","290410","2021","17"
"1880","290420","2021","15"
"1881","290430","2021","13"
"1882","290440","2021","4"
"1883","290450","2021","18"
"1884","290460","2021","128"
"1885","290470","2021","12"
"1886","290475","2021","25"
"1887","290480","2021","10"
"1888","290485","2021","22"
"1889","290490","2021","41"
"1890","290500","2021","43"
"1891","290510","2021","13"
"1892","290515","2021","13"
"1893","290520","2021","64"
"1894","290530","2021","30"
"1895","290540","2021","15"
"1896","290550","2021","19"
"1897","290560","2021","40"
"1898","290570","2021","343"
"1899","290580","2021","57"
"1900","290590","2021","43"
"1901","290600","2021","102"
"1902","290610","2021","18"
"1903","290620","2021","40"
"1904","290630","2021","39"
"1905","290640","2021","4"
"1906","290650","2021","89"
"1907","290660","2021","12"
"1908","290670","2021","40"
"1909","290680","2021","36"
"1910","290682","2021","24"
"1911","290685","2021","11"
"1912","290687","2021","33"
"1913","290689","2021","15"
"1914","290690","2021","35"
"1915","290700","2021","15"
"1916","290710","2021","58"
"1917","290720","2021","128"
"1918","290730","2021","55"
"1919","290740","2021","6"
"1920","290750","2021","62"
"1921","290755","2021","9"
"1922","290760","2021","24"
"1923","290770","2021","17"
"1924","290780","2021","36"
"1925","290790","2021","39"
"1926","290800","2021","18"
"1927","290810","2021","20"
"1928","290820","2021","24"
"1929","290830","2021","22"
"1930","290840","2021","67"
"1931","290850","2021","29"
"1932","290860","2021","38"
"1933","290870","2021","25"
"1934","290880","2021","4"
"1935","290890","2021","31"
"1936","290900","2021","3"
"1937","290910","2021","18"
"1938","290920","2021","12"
"1939","290930","2021","45"
"1940","290940","2021","22"
"1941","290950","2021","9"
"1942","290960","2021","28"
"1943","290970","2021","15"
"1944","290980","2021","56"
"1945","290990","2021","64"
"1946","291000","2021","20"
"1947","291005","2021","108"
"1948","291010","2021","16"
"1949","291020","2021","2"
"1950","291030","2021","11"
"1951","291040","2021","28"
"1952","291050","2021","59"
"1953","291060","2021","36"
"1954","291070","2021","78"
"1955","291072","2021","150"
"1956","291075","2021","26"
"1957","291077","2021","10"
"1958","291080","2021","1040"
"1959","291085","2021","25"
"1960","291090","2021","10"
"1961","291100","2021","4"
"1962","291110","2021","66"
"1963","291120","2021","25"
"1964","291125","2021","3"
"1965","291130","2021","11"
"1966","291140","2021","22"
"1967","291150","2021","3"
"1968","291160","2021","23"
"1969","291165","2021","8"
"1970","291170","2021","173"
"1971","291180","2021","17"
"1972","291185","2021","20"
"1973","291190","2021","47"
"1974","291200","2021","8"
"1975","291210","2021","15"
"1976","291220","2021","31"
"1977","291230","2021","15"
"1978","291240","2021","29"
"1979","291250","2021","13"
"1980","291260","2021","12"
"1981","291270","2021","22"
"1982","291280","2021","18"
"1983","291290","2021","35"
"1984","291300","2021","9"
"1985","291310","2021","22"
"1986","291320","2021","57"
"1987","291330","2021","4"
"1988","291340","2021","14"
"1989","291345","2021","14"
"1990","291350","2021","16"
"1991","291360","2021","197"
"1992","291370","2021","58"
"1993","291380","2021","15"
"1994","291390","2021","52"
"1995","291400","2021","57"
"1996","291410","2021","5"
"1997","291420","2021","11"
"1998","291430","2021","11"
"1999","291440","2021","24"
"2000","291450","2021","29"
"2001","291460","2021","160"
"2002","291465","2021","53"
"2003","291470","2021","101"
"2004","291480","2021","230"
"2005","291490","2021","52"
"2006","291500","2021","10"
"2007","291510","2021","22"
"2008","291520","2021","15"
"2009","291530","2021","11"
"2010","291535","2021","12"
"2011","291540","2021","13"
"2012","291550","2021","8"
"2013","291560","2021","94"
"2014","291570","2021","25"
"2015","291580","2021","45"
"2016","291590","2021","10"
"2017","291600","2021","17"
"2018","291610","2021","34"
"2019","291620","2021","9"
"2020","291630","2021","7"
"2021","291640","2021","141"
"2022","291650","2021","45"
"2023","291660","2021","9"
"2024","291670","2021","14"
"2025","291680","2021","16"
"2026","291685","2021","17"
"2027","291690","2021","11"
"2028","291700","2021","46"
"2029","291710","2021","31"
"2030","291720","2021","28"
"2031","291730","2021","43"
"2032","291733","2021","21"
"2033","291735","2021","10"
"2034","291740","2021","15"
"2035","291750","2021","129"
"2036","291760","2021","68"
"2037","291770","2021","69"
"2038","291780","2021","17"
"2039","291790","2021","14"
"2040","291800","2021","268"
"2041","291810","2021","44"
"2042","291820","2021","15"
"2043","291830","2021","25"
"2044","291835","2021","40"
"2045","291840","2021","387"
"2046","291845","2021","8"
"2047","291850","2021","16"
"2048","291855","2021","4"
"2049","291860","2021","14"
"2050","291870","2021","7"
"2051","291875","2021","7"
"2052","291880","2021","23"
"2053","291890","2021","6"
"2054","291900","2021","3"
"2055","291905","2021","3"
"2056","291910","2021","11"
"2057","291915","2021","44"
"2058","291920","2021","220"
"2059","291930","2021","14"
"2060","291940","2021","6"
"2061","291950","2021","47"
"2062","291955","2021","192"
"2063","291960","2021","14"
"2064","291970","2021","25"
"2065","291980","2021","51"
"2066","291990","2021","5"
"2067","291992","2021","23"
"2068","291995","2021","6"
"2069","292000","2021","21"
"2070","292010","2021","14"
"2071","292020","2021","35"
"2072","292030","2021","10"
"2073","292040","2021","25"
"2074","292045","2021","9"
"2075","292050","2021","44"
"2076","292060","2021","40"
"2077","292070","2021","26"
"2078","292080","2021","11"
"2079","292090","2021","16"
"2080","292100","2021","81"
"2081","292105","2021","22"
"2082","292110","2021","34"
"2083","292120","2021","37"
"2084","292130","2021","20"
"2085","292140","2021","16"
"2086","292145","2021","5"
"2087","292150","2021","70"
"2088","292160","2021","14"
"2089","292170","2021","41"
"2090","292180","2021","14"
"2091","292190","2021","10"
"2092","292200","2021","58"
"2093","292205","2021","25"
"2094","292210","2021","24"
"2095","292220","2021","6"
"2096","292225","2021","21"
"2097","292230","2021","40"
"2098","292240","2021","23"
"2099","292250","2021","23"
"2100","292260","2021","3"
"2101","292265","2021","20"
"2102","292270","2021","20"
"2103","292273","2021","6"
"2104","292275","2021","2"
"2105","292280","2021","15"
"2106","292285","2021","5"
"2107","292290","2021","53"
"2108","292300","2021","56"
"2109","292303","2021","12"
"2110","292305","2021","13"
"2111","292310","2021","33"
"2112","292320","2021","39"
"2113","292330","2021","10"
"2114","292335","2021","37"
"2115","292340","2021","34"
"2116","292350","2021","15"
"2117","292360","2021","22"
"2118","292370","2021","39"
"2119","292380","2021","22"
"2120","292390","2021","13"
"2121","292400","2021","191"
"2122","292405","2021","12"
"2123","292410","2021","5"
"2124","292420","2021","13"
"2125","292430","2021","17"
"2126","292440","2021","46"
"2127","292450","2021","12"
"2128","292460","2021","19"
"2129","292465","2021","7"
"2130","292467","2021","10"
"2131","292470","2021","5"
"2132","292480","2021","22"
"2133","292490","2021","5"
"2134","292500","2021","23"
"2135","292510","2021","77"
"2136","292520","2021","67"
"2137","292525","2021","37"
"2138","292530","2021","274"
"2139","292540","2021","9"
"2140","292550","2021","66"
"2141","292560","2021","11"
"2142","292570","2021","16"
"2143","292575","2021","43"
"2144","292580","2021","28"
"2145","292590","2021","42"
"2146","292593","2021","6"
"2147","292595","2021","21"
"2148","292600","2021","72"
"2149","292610","2021","14"
"2150","292620","2021","40"
"2151","292630","2021","18"
"2152","292640","2021","27"
"2153","292650","2021","26"
"2154","292660","2021","92"
"2155","292665","2021","16"
"2156","292670","2021","17"
"2157","292680","2021","10"
"2158","292690","2021","7"
"2159","292700","2021","54"
"2160","292710","2021","20"
"2161","292720","2021","50"
"2162","292730","2021","16"
"2163","292740","2021","3073"
"2164","292750","2021","21"
"2165","292760","2021","24"
"2166","292770","2021","32"
"2167","292780","2021","8"
"2168","292790","2021","16"
"2169","292800","2021","48"
"2170","292805","2021","20"
"2171","292810","2021","44"
"2172","292820","2021","37"
"2173","292830","2021","9"
"2174","292840","2021","38"
"2175","292850","2021","10"
"2176","292860","2021","60"
"2177","292870","2021","138"
"2178","292880","2021","72"
"2179","292890","2021","67"
"2180","292895","2021","10"
"2181","292900","2021","15"
"2182","292905","2021","28"
"2183","292910","2021","13"
"2184","292920","2021","40"
"2185","292925","2021","25"
"2186","292930","2021","29"
"2187","292935","2021","9"
"2188","292937","2021","15"
"2189","292940","2021","10"
"2190","292950","2021","31"
"2191","292960","2021","24"
"2192","292970","2021","17"
"2193","292975","2021","17"
"2194","292980","2021","13"
"2195","292990","2021","49"
"2196","293000","2021","7"
"2197","293010","2021","87"
"2198","293015","2021","63"
"2199","293020","2021","53"
"2200","293030","2021","5"
"2201","293040","2021","14"
"2202","293050","2021","155"
"2203","293060","2021","24"
"2204","293070","2021","146"
"2205","293075","2021","22"
"2206","293076","2021","17"
"2207","293077","2021","47"
"2208","293080","2021","28"
"2209","293090","2021","16"
"2210","293100","2021","24"
"2211","293105","2021","19"
"2212","293110","2021","6"
"2213","293120","2021","25"
"2214","293130","2021","29"
"2215","293135","2021","304"
"2216","293140","2021","7"
"2217","293150","2021","37"
"2218","293160","2021","9"
"2219","293170","2021","11"
"2220","293180","2021","20"
"2221","293190","2021","59"
"2222","293200","2021","30"
"2223","293210","2021","17"
"2224","293220","2021","26"
"2225","293230","2021","15"
"2226","293240","2021","14"
"2227","293245","2021","19"
"2228","293250","2021","31"
"2229","293260","2021","16"
"2230","293270","2021","32"
"2231","293280","2021","22"
"2232","293290","2021","67"
"2233","293300","2021","22"
"2234","293305","2021","9"
"2235","293310","2021","9"
"2236","293315","2021","15"
"2237","293317","2021","11"
"2238","293320","2021","52"
"2239","293325","2021","11"
"2240","293330","2021","795"
"2241","293340","2021","7"
"2242","293345","2021","20"
"2243","293350","2021","26"
"2244","293360","2021","111"
"2245","310010","2021","3"
"2246","310020","2021","31"
"2247","310030","2021","25"
"2248","310040","2021","3"
"2249","310050","2021","9"
"2250","310060","2021","11"
"2251","310070","2021","1"
"2252","310080","2021","1"
"2253","310090","2021","36"
"2254","310100","2021","20"
"2255","310110","2021","42"
"2256","310120","2021","5"
"2257","310130","2021","1"
"2258","310140","2021","3"
"2259","310150","2021","37"
"2260","310160","2021","107"
"2261","310163","2021","8"
"2262","310170","2021","59"
"2263","310180","2021","4"
"2264","310190","2021","25"
"2265","310200","2021","18"
"2266","310205","2021","8"
"2267","310210","2021","12"
"2268","310220","2021","2"
"2269","310230","2021","8"
"2270","310240","2021","9"
"2271","310250","2021","5"
"2272","310260","2021","65"
"2273","310270","2021","11"
"2274","310280","2021","24"
"2275","310285","2021","14"
"2276","310290","2021","13"
"2277","310300","2021","4"
"2278","310330","2021","1"
"2279","310340","2021","62"
"2280","310350","2021","126"
"2281","310360","2021","4"
"2282","310370","2021","14"
"2283","310375","2021","9"
"2284","310380","2021","1"
"2285","310390","2021","16"
"2286","310400","2021","174"
"2287","310410","2021","6"
"2288","310420","2021","51"
"2289","310430","2021","17"
"2290","310440","2021","3"
"2291","310445","2021","9"
"2292","310450","2021","21"
"2293","310460","2021","15"
"2294","310470","2021","20"
"2295","310480","2021","2"
"2296","310490","2021","20"
"2297","310500","2021","6"
"2298","310510","2021","31"
"2299","310520","2021","5"
"2300","310530","2021","5"
"2301","310540","2021","41"
"2302","310550","2021","7"
"2303","310560","2021","215"
"2304","310570","2021","2"
"2305","310590","2021","38"
"2306","310600","2021","21"
"2307","310610","2021","3"
"2308","310620","2021","2737"
"2309","310630","2021","25"
"2310","310640","2021","8"
"2311","310650","2021","12"
"2312","310660","2021","9"
"2313","310665","2021","4"
"2314","310670","2021","647"
"2315","310680","2021","1"
"2316","310690","2021","11"
"2317","310700","2021","1"
"2318","310710","2021","65"
"2319","310720","2021","2"
"2320","310730","2021","49"
"2321","310740","2021","70"
"2322","310750","2021","5"
"2323","310760","2021","3"
"2324","310770","2021","6"
"2325","310780","2021","17"
"2326","310790","2021","14"
"2327","310800","2021","11"
"2328","310810","2021","12"
"2329","310820","2021","6"
"2330","310825","2021","14"
"2331","310830","2021","17"
"2332","310840","2021","13"
"2333","310850","2021","4"
"2334","310855","2021","34"
"2335","310860","2021","53"
"2336","310870","2021","3"
"2337","310880","2021","5"
"2338","310890","2021","9"
"2339","310900","2021","54"
"2340","310910","2021","7"
"2341","310920","2021","10"
"2342","310925","2021","2"
"2343","310930","2021","48"
"2344","310940","2021","28"
"2345","310945","2021","3"
"2346","310950","2021","17"
"2347","310960","2021","2"
"2348","310970","2021","19"
"2349","310980","2021","1"
"2350","310990","2021","11"
"2351","311000","2021","56"
"2352","311010","2021","8"
"2353","311020","2021","5"
"2354","311030","2021","12"
"2355","311040","2021","3"
"2356","311050","2021","23"
"2357","311060","2021","31"
"2358","311070","2021","21"
"2359","311080","2021","1"
"2360","311090","2021","24"
"2361","311100","2021","31"
"2362","311110","2021","16"
"2363","311115","2021","3"
"2364","311120","2021","53"
"2365","311130","2021","11"
"2366","311140","2021","17"
"2367","311150","2021","16"
"2368","311160","2021","25"
"2369","311170","2021","3"
"2370","311180","2021","11"
"2371","311190","2021","7"
"2372","311200","2021","18"
"2373","311205","2021","6"
"2374","311210","2021","9"
"2375","311220","2021","3"
"2376","311230","2021","50"
"2377","311240","2021","6"
"2378","311250","2021","7"
"2379","311260","2021","12"
"2380","311265","2021","5"
"2381","311270","2021","27"
"2382","311280","2021","10"
"2383","311290","2021","10"
"2384","311300","2021","29"
"2385","311310","2021","1"
"2386","311320","2021","18"
"2387","311330","2021","44"
"2388","311340","2021","119"
"2389","311350","2021","13"
"2390","311360","2021","4"
"2391","311370","2021","31"
"2392","311380","2021","2"
"2393","311390","2021","15"
"2394","311400","2021","11"
"2395","311410","2021","17"
"2396","311420","2021","41"
"2397","311430","2021","31"
"2398","311440","2021","23"
"2399","311450","2021","22"
"2400","311455","2021","7"
"2401","311460","2021","9"
"2402","311470","2021","2"
"2403","311480","2021","3"
"2404","311490","2021","3"
"2405","311500","2021","2"
"2406","311510","2021","28"
"2407","311520","2021","1"
"2408","311530","2021","62"
"2409","311535","2021","12"
"2410","311540","2021","4"
"2411","311545","2021","8"
"2412","311547","2021","7"
"2413","311550","2021","29"
"2414","311560","2021","1"
"2415","311570","2021","4"
"2416","311580","2021","9"
"2417","311590","2021","2"
"2418","311600","2021","7"
"2419","311610","2021","12"
"2420","311615","2021","22"
"2421","311620","2021","4"
"2422","311630","2021","6"
"2423","311640","2021","3"
"2424","311650","2021","6"
"2425","311660","2021","55"
"2426","311670","2021","3"
"2427","311680","2021","12"
"2428","311690","2021","5"
"2429","311700","2021","5"
"2430","311710","2021","7"
"2431","311720","2021","1"
"2432","311730","2021","46"
"2433","311740","2021","5"
"2434","311750","2021","30"
"2435","311760","2021","2"
"2436","311770","2021","16"
"2437","311780","2021","9"
"2438","311783","2021","12"
"2439","311787","2021","4"
"2440","311790","2021","12"
"2441","311800","2021","71"
"2442","311810","2021","9"
"2443","311820","2021","7"
"2444","311830","2021","159"
"2445","311840","2021","21"
"2446","311850","2021","2"
"2447","311860","2021","854"
"2448","311870","2021","9"
"2449","311880","2021","20"
"2450","311890","2021","4"
"2451","311900","2021","2"
"2452","311910","2021","24"
"2453","311920","2021","7"
"2454","311930","2021","33"
"2455","311940","2021","111"
"2456","311950","2021","12"
"2457","311960","2021","3"
"2458","311970","2021","3"
"2459","311990","2021","3"
"2460","311995","2021","6"
"2461","312000","2021","1"
"2462","312010","2021","4"
"2463","312015","2021","6"
"2464","312020","2021","13"
"2465","312030","2021","4"
"2466","312040","2021","6"
"2467","312050","2021","14"
"2468","312060","2021","4"
"2469","312070","2021","3"
"2470","312080","2021","31"
"2471","312083","2021","7"
"2472","312087","2021","10"
"2473","312090","2021","89"
"2474","312100","2021","4"
"2475","312110","2021","7"
"2476","312120","2021","14"
"2477","312125","2021","17"
"2478","312130","2021","7"
"2479","312140","2021","10"
"2480","312150","2021","2"
"2481","312160","2021","63"
"2482","312170","2021","4"
"2483","312180","2021","3"
"2484","312190","2021","4"
"2485","312200","2021","29"
"2486","312210","2021","8"
"2487","312220","2021","13"
"2488","312230","2021","378"
"2489","312235","2021","8"
"2490","312240","2021","6"
"2491","312245","2021","6"
"2492","312247","2021","7"
"2493","312250","2021","5"
"2494","312260","2021","6"
"2495","312270","2021","7"
"2496","312280","2021","2"
"2497","312290","2021","9"
"2498","312300","2021","12"
"2499","312310","2021","6"
"2500","312320","2021","11"
"2501","312330","2021","3"
"2502","312340","2021","1"
"2503","312352","2021","21"
"2504","312360","2021","33"
"2505","312370","2021","12"
"2506","312380","2021","8"
"2507","312385","2021","7"
"2508","312390","2021","25"
"2509","312400","2021","27"
"2510","312410","2021","124"
"2511","312420","2021","40"
"2512","312430","2021","42"
"2513","312440","2021","11"
"2514","312450","2021","15"
"2515","312460","2021","4"
"2516","312480","2021","8"
"2517","312490","2021","7"
"2518","312500","2021","12"
"2519","312510","2021","76"
"2520","312520","2021","2"
"2521","312530","2021","3"
"2522","312540","2021","10"
"2523","312550","2021","1"
"2524","312560","2021","9"
"2525","312570","2021","16"
"2526","312590","2021","5"
"2527","312595","2021","9"
"2528","312600","2021","8"
"2529","312610","2021","84"
"2530","312620","2021","12"
"2531","312630","2021","3"
"2532","312640","2021","6"
"2533","312650","2021","17"
"2534","312660","2021","6"
"2535","312670","2021","20"
"2536","312675","2021","8"
"2537","312680","2021","14"
"2538","312690","2021","14"
"2539","312695","2021","7"
"2540","312700","2021","22"
"2541","312705","2021","8"
"2542","312707","2021","6"
"2543","312710","2021","98"
"2544","312720","2021","7"
"2545","312730","2021","14"
"2546","312733","2021","8"
"2547","312735","2021","1"
"2548","312737","2021","3"
"2549","312738","2021","1"
"2550","312740","2021","4"
"2551","312750","2021","4"
"2552","312760","2021","11"
"2553","312770","2021","372"
"2554","312780","2021","12"
"2555","312800","2021","45"
"2556","312810","2021","13"
"2557","312820","2021","8"
"2558","312825","2021","4"
"2559","312830","2021","47"
"2560","312840","2021","10"
"2561","312850","2021","5"
"2562","312860","2021","6"
"2563","312870","2021","82"
"2564","312880","2021","10"
"2565","312890","2021","10"
"2566","312900","2021","9"
"2567","312910","2021","1"
"2568","312920","2021","14"
"2569","312930","2021","12"
"2570","312940","2021","7"
"2571","312950","2021","26"
"2572","312960","2021","8"
"2573","312965","2021","7"
"2574","312970","2021","13"
"2575","312980","2021","254"
"2576","312990","2021","4"
"2577","313000","2021","1"
"2578","313005","2021","12"
"2579","313010","2021","68"
"2580","313020","2021","12"
"2581","313030","2021","6"
"2582","313040","2021","8"
"2583","313050","2021","14"
"2584","313055","2021","3"
"2585","313060","2021","12"
"2586","313065","2021","5"
"2587","313070","2021","4"
"2588","313080","2021","3"
"2589","313090","2021","27"
"2590","313100","2021","11"
"2591","313110","2021","6"
"2592","313115","2021","20"
"2593","313120","2021","23"
"2594","313130","2021","290"
"2595","313140","2021","7"
"2596","313150","2021","10"
"2597","313160","2021","16"
"2598","313170","2021","113"
"2599","313180","2021","15"
"2600","313190","2021","53"
"2601","313200","2021","3"
"2602","313210","2021","28"
"2603","313220","2021","16"
"2604","313230","2021","23"
"2605","313240","2021","118"
"2606","313250","2021","46"
"2607","313260","2021","3"
"2608","313270","2021","35"
"2609","313280","2021","2"
"2610","313290","2021","14"
"2611","313300","2021","24"
"2612","313310","2021","27"
"2613","313320","2021","18"
"2614","313330","2021","21"
"2615","313340","2021","12"
"2616","313350","2021","26"
"2617","313360","2021","20"
"2618","313370","2021","15"
"2619","313375","2021","23"
"2620","313380","2021","118"
"2621","313390","2021","6"
"2622","313400","2021","18"
"2623","313410","2021","10"
"2624","313420","2021","73"
"2625","313430","2021","5"
"2626","313440","2021","36"
"2627","313450","2021","5"
"2628","313460","2021","14"
"2629","313470","2021","22"
"2630","313480","2021","9"
"2631","313490","2021","37"
"2632","313500","2021","3"
"2633","313505","2021","73"
"2634","313507","2021","2"
"2635","313510","2021","111"
"2636","313520","2021","75"
"2637","313530","2021","6"
"2638","313535","2021","7"
"2639","313540","2021","8"
"2640","313545","2021","11"
"2641","313550","2021","14"
"2642","313560","2021","5"
"2643","313570","2021","7"
"2644","313580","2021","26"
"2645","313590","2021","9"
"2646","313600","2021","20"
"2647","313610","2021","1"
"2648","313620","2021","101"
"2649","313630","2021","77"
"2650","313640","2021","4"
"2651","313650","2021","12"
"2652","313652","2021","5"
"2653","313655","2021","1"
"2654","313657","2021","8"
"2655","313660","2021","10"
"2656","313665","2021","42"
"2657","313670","2021","607"
"2658","313680","2021","4"
"2659","313690","2021","19"
"2660","313695","2021","14"
"2661","313700","2021","13"
"2662","313710","2021","8"
"2663","313720","2021","71"
"2664","313730","2021","3"
"2665","313740","2021","7"
"2666","313750","2021","30"
"2667","313753","2021","6"
"2668","313760","2021","90"
"2669","313770","2021","27"
"2670","313780","2021","21"
"2671","313800","2021","9"
"2672","313810","2021","10"
"2673","313820","2021","191"
"2674","313830","2021","2"
"2675","313835","2021","5"
"2676","313840","2021","48"
"2677","313850","2021","6"
"2678","313860","2021","18"
"2679","313862","2021","11"
"2680","313865","2021","5"
"2681","313867","2021","8"
"2682","313868","2021","8"
"2683","313870","2021","9"
"2684","313880","2021","26"
"2685","313890","2021","5"
"2686","313900","2021","56"
"2687","313910","2021","14"
"2688","313920","2021","29"
"2689","313925","2021","3"
"2690","313930","2021","47"
"2691","313940","2021","150"
"2692","313950","2021","31"
"2693","313960","2021","31"
"2694","313970","2021","11"
"2695","313980","2021","10"
"2696","313990","2021","17"
"2697","314000","2021","105"
"2698","314010","2021","5"
"2699","314015","2021","20"
"2700","314020","2021","4"
"2701","314030","2021","6"
"2702","314040","2021","2"
"2703","314050","2021","18"
"2704","314053","2021","15"
"2705","314055","2021","6"
"2706","314060","2021","5"
"2707","314070","2021","59"
"2708","314080","2021","19"
"2709","314085","2021","15"
"2710","314090","2021","25"
"2711","314100","2021","20"
"2712","314110","2021","29"
"2713","314120","2021","2"
"2714","314130","2021","5"
"2715","314140","2021","36"
"2716","314150","2021","5"
"2717","314160","2021","8"
"2718","314170","2021","5"
"2719","314180","2021","37"
"2720","314190","2021","5"
"2721","314200","2021","11"
"2722","314210","2021","8"
"2723","314220","2021","9"
"2724","314225","2021","3"
"2725","314230","2021","10"
"2726","314240","2021","13"
"2727","314250","2021","1"
"2728","314260","2021","14"
"2729","314270","2021","19"
"2730","314280","2021","28"
"2731","314290","2021","16"
"2732","314300","2021","17"
"2733","314310","2021","34"
"2734","314315","2021","4"
"2735","314320","2021","30"
"2736","314330","2021","626"
"2737","314340","2021","13"
"2738","314345","2021","13"
"2739","314350","2021","11"
"2740","314360","2021","5"
"2741","314370","2021","1"
"2742","314380","2021","8"
"2743","314390","2021","156"
"2744","314400","2021","29"
"2745","314410","2021","19"
"2746","314420","2021","4"
"2747","314430","2021","47"
"2748","314435","2021","12"
"2749","314437","2021","2"
"2750","314440","2021","3"
"2751","314450","2021","10"
"2752","314460","2021","32"
"2753","314465","2021","15"
"2754","314467","2021","5"
"2755","314470","2021","22"
"2756","314480","2021","124"
"2757","314490","2021","9"
"2758","314500","2021","23"
"2759","314505","2021","6"
"2760","314510","2021","18"
"2761","314520","2021","248"
"2762","314530","2021","54"
"2763","314535","2021","16"
"2764","314537","2021","7"
"2765","314540","2021","2"
"2766","314545","2021","5"
"2767","314550","2021","4"
"2768","314560","2021","46"
"2769","314570","2021","3"
"2770","314580","2021","3"
"2771","314585","2021","3"
"2772","314587","2021","12"
"2773","314590","2021","62"
"2774","314600","2021","51"
"2775","314610","2021","106"
"2776","314620","2021","17"
"2777","314625","2021","6"
"2778","314630","2021","24"
"2779","314640","2021","1"
"2780","314650","2021","12"
"2781","314655","2021","7"
"2782","314660","2021","3"
"2783","314670","2021","13"
"2784","314675","2021","8"
"2785","314690","2021","17"
"2786","314700","2021","164"
"2787","314710","2021","116"
"2788","314720","2021","28"
"2789","314730","2021","16"
"2790","314740","2021","36"
"2791","314750","2021","1"
"2792","314760","2021","21"
"2793","314770","2021","3"
"2794","314780","2021","2"
"2795","314790","2021","201"
"2796","314795","2021","2"
"2797","314800","2021","203"
"2798","314810","2021","104"
"2799","314820","2021","6"
"2800","314830","2021","14"
"2801","314840","2021","5"
"2802","314850","2021","3"
"2803","314860","2021","18"
"2804","314870","2021","29"
"2805","314875","2021","12"
"2806","314880","2021","5"
"2807","314890","2021","6"
"2808","314900","2021","3"
"2809","314910","2021","12"
"2810","314915","2021","11"
"2811","314920","2021","3"
"2812","314930","2021","53"
"2813","314940","2021","1"
"2814","314950","2021","3"
"2815","314960","2021","3"
"2816","314970","2021","17"
"2817","314980","2021","23"
"2818","314990","2021","21"
"2819","314995","2021","9"
"2820","315000","2021","6"
"2821","315010","2021","2"
"2822","315015","2021","13"
"2823","315020","2021","6"
"2824","315030","2021","6"
"2825","315040","2021","5"
"2826","315050","2021","4"
"2827","315053","2021","4"
"2828","315057","2021","9"
"2829","315060","2021","5"
"2830","315070","2021","9"
"2831","315080","2021","13"
"2832","315090","2021","5"
"2833","315100","2021","17"
"2834","315110","2021","14"
"2835","315120","2021","66"
"2836","315130","2021","18"
"2837","315140","2021","36"
"2838","315150","2021","45"
"2839","315160","2021","8"
"2840","315170","2021","15"
"2841","315180","2021","220"
"2842","315190","2021","8"
"2843","315200","2021","31"
"2844","315210","2021","82"
"2845","315213","2021","5"
"2846","315217","2021","17"
"2847","315220","2021","47"
"2848","315230","2021","12"
"2849","315240","2021","20"
"2850","315250","2021","225"
"2851","315260","2021","9"
"2852","315270","2021","12"
"2853","315280","2021","32"
"2854","315290","2021","19"
"2855","315300","2021","1"
"2856","315310","2021","3"
"2857","315320","2021","5"
"2858","315330","2021","3"
"2859","315340","2021","23"
"2860","315350","2021","13"
"2861","315360","2021","16"
"2862","315370","2021","5"
"2863","315390","2021","17"
"2864","315400","2021","10"
"2865","315410","2021","10"
"2866","315415","2021","8"
"2867","315420","2021","10"
"2868","315430","2021","21"
"2869","315440","2021","7"
"2870","315445","2021","9"
"2871","315450","2021","9"
"2872","315460","2021","508"
"2873","315470","2021","5"
"2874","315480","2021","13"
"2875","315490","2021","16"
"2876","315500","2021","3"
"2877","315510","2021","8"
"2878","315530","2021","3"
"2879","315540","2021","10"
"2880","315550","2021","22"
"2881","315560","2021","34"
"2882","315570","2021","12"
"2883","315580","2021","18"
"2884","315590","2021","4"
"2885","315600","2021","8"
"2886","315610","2021","4"
"2887","315620","2021","1"
"2888","315630","2021","14"
"2889","315640","2021","3"
"2890","315645","2021","5"
"2891","315650","2021","10"
"2892","315660","2021","10"
"2893","315670","2021","146"
"2894","315680","2021","14"
"2895","315690","2021","34"
"2896","315700","2021","50"
"2897","315710","2021","4"
"2898","315720","2021","55"
"2899","315725","2021","5"
"2900","315727","2021","1"
"2901","315730","2021","11"
"2902","315733","2021","5"
"2903","315737","2021","5"
"2904","315740","2021","4"
"2905","315750","2021","4"
"2906","315760","2021","3"
"2907","315765","2021","12"
"2908","315770","2021","22"
"2909","315780","2021","306"
"2910","315790","2021","34"
"2911","315800","2021","12"
"2912","315810","2021","3"
"2913","315820","2021","14"
"2914","315830","2021","8"
"2915","315840","2021","3"
"2916","315850","2021","10"
"2917","315860","2021","6"
"2918","315870","2021","4"
"2919","315880","2021","6"
"2920","315890","2021","21"
"2921","315895","2021","67"
"2922","315900","2021","4"
"2923","315910","2021","2"
"2924","315920","2021","7"
"2925","315930","2021","7"
"2926","315935","2021","15"
"2927","315940","2021","3"
"2928","315950","2021","8"
"2929","315960","2021","51"
"2930","315970","2021","6"
"2931","315980","2021","36"
"2932","315990","2021","18"
"2933","316000","2021","3"
"2934","316010","2021","4"
"2935","316020","2021","5"
"2936","316030","2021","10"
"2937","316040","2021","54"
"2938","316045","2021","12"
"2939","316050","2021","1"
"2940","316060","2021","2"
"2941","316070","2021","49"
"2942","316080","2021","8"
"2943","316090","2021","3"
"2944","316095","2021","9"
"2945","316100","2021","19"
"2946","316105","2021","4"
"2947","316110","2021","78"
"2948","316120","2021","5"
"2949","316130","2021","2"
"2950","316140","2021","8"
"2951","316150","2021","14"
"2952","316160","2021","4"
"2953","316165","2021","6"
"2954","316170","2021","8"
"2955","316180","2021","18"
"2956","316190","2021","12"
"2957","316200","2021","25"
"2958","316210","2021","90"
"2959","316220","2021","22"
"2960","316225","2021","2"
"2961","316230","2021","7"
"2962","316240","2021","26"
"2963","316245","2021","28"
"2964","316250","2021","99"
"2965","316255","2021","13"
"2966","316257","2021","7"
"2967","316260","2021","4"
"2968","316265","2021","3"
"2969","316270","2021","27"
"2970","316280","2021","25"
"2971","316290","2021","29"
"2972","316292","2021","58"
"2973","316294","2021","4"
"2974","316295","2021","35"
"2975","316300","2021","6"
"2976","316320","2021","4"
"2977","316330","2021","7"
"2978","316340","2021","8"
"2979","316350","2021","8"
"2980","316360","2021","3"
"2981","316370","2021","57"
"2982","316380","2021","6"
"2983","316390","2021","5"
"2984","316400","2021","4"
"2985","316410","2021","9"
"2986","316420","2021","11"
"2987","316430","2021","8"
"2988","316440","2021","11"
"2989","316443","2021","1"
"2990","316447","2021","9"
"2991","316450","2021","12"
"2992","316460","2021","21"
"2993","316470","2021","121"
"2994","316480","2021","3"
"2995","316490","2021","3"
"2996","316500","2021","14"
"2997","316510","2021","12"
"2998","316520","2021","8"
"2999","316530","2021","11"
"3000","316540","2021","10"
"3001","316550","2021","9"
"3002","316553","2021","41"
"3003","316555","2021","20"
"3004","316556","2021","2"
"3005","316557","2021","7"
"3006","316560","2021","1"
"3007","316570","2021","8"
"3008","316580","2021","3"
"3009","316590","2021","2"
"3010","316600","2021","7"
"3011","316610","2021","1"
"3012","316620","2021","20"
"3013","316630","2021","14"
"3014","316640","2021","1"
"3015","316650","2021","9"
"3016","316660","2021","1"
"3017","316670","2021","7"
"3018","316680","2021","17"
"3019","316690","2021","8"
"3020","316695","2021","4"
"3021","316710","2021","29"
"3022","316720","2021","248"
"3023","316730","2021","2"
"3024","316740","2021","6"
"3025","316750","2021","7"
"3026","316760","2021","17"
"3027","316770","2021","6"
"3028","316780","2021","11"
"3029","316790","2021","2"
"3030","316800","2021","59"
"3031","316805","2021","4"
"3032","316810","2021","7"
"3033","316820","2021","1"
"3034","316830","2021","4"
"3035","316840","2021","14"
"3036","316850","2021","8"
"3037","316860","2021","232"
"3038","316870","2021","75"
"3039","316880","2021","10"
"3040","316890","2021","12"
"3041","316900","2021","13"
"3042","316905","2021","3"
"3043","316910","2021","7"
"3044","316920","2021","3"
"3045","316930","2021","114"
"3046","316935","2021","45"
"3047","316940","2021","81"
"3048","316950","2021","7"
"3049","316960","2021","12"
"3050","316970","2021","9"
"3051","316980","2021","12"
"3052","316990","2021","179"
"3053","317000","2021","24"
"3054","317005","2021","11"
"3055","317010","2021","456"
"3056","317020","2021","849"
"3057","317030","2021","11"
"3058","317040","2021","151"
"3059","317043","2021","3"
"3060","317050","2021","12"
"3061","317052","2021","8"
"3062","317057","2021","6"
"3063","317060","2021","4"
"3064","317065","2021","7"
"3065","317070","2021","216"
"3066","317075","2021","10"
"3067","317080","2021","40"
"3068","317090","2021","25"
"3069","317100","2021","30"
"3070","317103","2021","6"
"3071","317107","2021","3"
"3072","317110","2021","6"
"3073","317115","2021","7"
"3074","317120","2021","194"
"3075","317130","2021","106"
"3076","317140","2021","2"
"3077","317150","2021","3"
"3078","317160","2021","14"
"3079","317170","2021","11"
"3080","317180","2021","15"
"3081","317190","2021","3"
"3082","317200","2021","47"
"3083","317210","2021","3"
"3084","317220","2021","1"
"3085","320010","2021","70"
"3086","320013","2021","8"
"3087","320016","2021","12"
"3088","320020","2021","31"
"3089","320030","2021","16"
"3090","320035","2021","9"
"3091","320040","2021","27"
"3092","320050","2021","10"
"3093","320060","2021","136"
"3094","320070","2021","10"
"3095","320080","2021","50"
"3096","320090","2021","79"
"3097","320100","2021","18"
"3098","320110","2021","7"
"3099","320115","2021","28"
"3100","320120","2021","280"
"3101","320130","2021","624"
"3102","320140","2021","47"
"3103","320150","2021","158"
"3104","320160","2021","25"
"3105","320170","2021","15"
"3106","320180","2021","5"
"3107","320190","2021","54"
"3108","320200","2021","9"
"3109","320210","2021","25"
"3110","320220","2021","24"
"3111","320225","2021","10"
"3112","320230","2021","39"
"3113","320240","2021","163"
"3114","320245","2021","41"
"3115","320250","2021","17"
"3116","320255","2021","9"
"3117","320260","2021","12"
"3118","320265","2021","17"
"3119","320270","2021","14"
"3120","320280","2021","42"
"3121","320290","2021","11"
"3122","320300","2021","40"
"3123","320305","2021","46"
"3124","320310","2021","17"
"3125","320313","2021","17"
"3126","320316","2021","9"
"3127","320320","2021","207"
"3128","320330","2021","10"
"3129","320332","2021","49"
"3130","320334","2021","33"
"3131","320335","2021","15"
"3132","320340","2021","24"
"3133","320350","2021","30"
"3134","320360","2021","11"
"3135","320370","2021","17"
"3136","320380","2021","21"
"3137","320390","2021","60"
"3138","320400","2021","27"
"3139","320405","2021","33"
"3140","320410","2021","40"
"3141","320420","2021","18"
"3142","320425","2021","14"
"3143","320430","2021","20"
"3144","320435","2021","25"
"3145","320440","2021","13"
"3146","320450","2021","11"
"3147","320455","2021","74"
"3148","320460","2021","47"
"3149","320465","2021","14"
"3150","320470","2021","53"
"3151","320480","2021","7"
"3152","320490","2021","129"
"3153","320495","2021","13"
"3154","320500","2021","802"
"3155","320501","2021","30"
"3156","320503","2021","18"
"3157","320506","2021","29"
"3158","320510","2021","113"
"3159","320515","2021","11"
"3160","320517","2021","14"
"3161","320520","2021","531"
"3162","320530","2021","469"
"3163","330000","2021","2"
"3164","330010","2021","294"
"3165","330015","2021","10"
"3166","330020","2021","240"
"3167","330022","2021","20"
"3168","330023","2021","85"
"3169","330025","2021","34"
"3170","330030","2021","124"
"3171","330040","2021","215"
"3172","330045","2021","598"
"3173","330050","2021","39"
"3174","330060","2021","36"
"3175","330070","2021","323"
"3176","330080","2021","56"
"3177","330090","2021","16"
"3178","330093","2021","11"
"3179","330095","2021","19"
"3180","330100","2021","814"
"3181","330110","2021","12"
"3182","330115","2021","15"
"3183","330120","2021","7"
"3184","330130","2021","63"
"3185","330140","2021","28"
"3186","330150","2021","25"
"3187","330160","2021","8"
"3188","330170","2021","1115"
"3189","330180","2021","20"
"3190","330185","2021","54"
"3191","330187","2021","37"
"3192","330190","2021","224"
"3193","330200","2021","155"
"3194","330205","2021","14"
"3195","330210","2021","13"
"3196","330220","2021","106"
"3197","330225","2021","63"
"3198","330227","2021","123"
"3199","330230","2021","13"
"3200","330240","2021","450"
"3201","330245","2021","6"
"3202","330250","2021","244"
"3203","330260","2021","48"
"3204","330270","2021","237"
"3205","330280","2021","22"
"3206","330285","2021","217"
"3207","330290","2021","50"
"3208","330300","2021","62"
"3209","330310","2021","3"
"3210","330320","2021","195"
"3211","330330","2021","603"
"3212","330340","2021","169"
"3213","330350","2021","1086"
"3214","330360","2021","61"
"3215","330370","2021","66"
"3216","330380","2021","60"
"3217","330385","2021","71"
"3218","330390","2021","426"
"3219","330395","2021","45"
"3220","330400","2021","29"
"3221","330410","2021","33"
"3222","330411","2021","35"
"3223","330412","2021","27"
"3224","330414","2021","199"
"3225","330415","2021","23"
"3226","330420","2021","223"
"3227","330430","2021","60"
"3228","330440","2021","23"
"3229","330450","2021","13"
"3230","330452","2021","217"
"3231","330455","2021","8020"
"3232","330460","2021","8"
"3233","330470","2021","37"
"3234","330475","2021","73"
"3235","330480","2021","52"
"3236","330490","2021","1011"
"3237","330500","2021","48"
"3238","330510","2021","513"
"3239","330513","2021","11"
"3240","330515","2021","36"
"3241","330520","2021","208"
"3242","330530","2021","7"
"3243","330540","2021","21"
"3244","330550","2021","120"
"3245","330555","2021","101"
"3246","330560","2021","22"
"3247","330570","2021","17"
"3248","330575","2021","40"
"3249","330580","2021","228"
"3250","330590","2021","2"
"3251","330600","2021","125"
"3252","330610","2021","95"
"3253","330615","2021","15"
"3254","330620","2021","83"
"3255","330630","2021","511"
"3256","350010","2021","40"
"3257","350020","2021","4"
"3258","350030","2021","52"
"3259","350040","2021","10"
"3260","350050","2021","26"
"3261","350055","2021","3"
"3262","350060","2021","1"
"3263","350070","2021","52"
"3264","350075","2021","14"
"3265","350080","2021","2"
"3266","350090","2021","2"
"3267","350100","2021","30"
"3268","350110","2021","4"
"3269","350115","2021","34"
"3270","350120","2021","3"
"3271","350130","2021","43"
"3272","350140","2021","1"
"3273","350150","2021","4"
"3274","350160","2021","279"
"3275","350170","2021","49"
"3276","350180","2021","7"
"3277","350190","2021","86"
"3278","350200","2021","2"
"3279","350210","2021","66"
"3280","350220","2021","27"
"3281","350230","2021","5"
"3282","350240","2021","2"
"3283","350250","2021","51"
"3284","350260","2021","5"
"3285","350270","2021","32"
"3286","350275","2021","47"
"3287","350280","2021","295"
"3288","350290","2021","35"
"3289","350300","2021","14"
"3290","350310","2021","5"
"3291","350315","2021","1"
"3292","350320","2021","341"
"3293","350330","2021","184"
"3294","350335","2021","2"
"3295","350340","2021","12"
"3296","350350","2021","5"
"3297","350360","2021","11"
"3298","350370","2021","19"
"3299","350380","2021","79"
"3300","350390","2021","126"
"3301","350395","2021","1"
"3302","350400","2021","103"
"3303","350410","2021","229"
"3304","350420","2021","12"
"3305","350430","2021","8"
"3306","350440","2021","17"
"3307","350450","2021","133"
"3308","350460","2021","44"
"3309","350470","2021","1"
"3310","350480","2021","14"
"3311","350490","2021","14"
"3312","350500","2021","4"
"3313","350510","2021","18"
"3314","350520","2021","59"
"3315","350530","2021","45"
"3316","350535","2021","6"
"3317","350540","2021","8"
"3318","350550","2021","194"
"3319","350560","2021","57"
"3320","350570","2021","703"
"3321","350580","2021","23"
"3322","350590","2021","89"
"3323","350600","2021","469"
"3324","350610","2021","66"
"3325","350620","2021","3"
"3326","350630","2021","11"
"3327","350635","2021","104"
"3328","350640","2021","3"
"3329","350650","2021","153"
"3330","350660","2021","48"
"3331","350670","2021","18"
"3332","350680","2021","23"
"3333","350690","2021","12"
"3334","350700","2021","71"
"3335","350710","2021","24"
"3336","350715","2021","8"
"3337","350730","2021","8"
"3338","350740","2021","12"
"3339","350745","2021","6"
"3340","350750","2021","191"
"3341","350760","2021","260"
"3342","350770","2021","16"
"3343","350780","2021","37"
"3344","350790","2021","44"
"3345","350800","2021","23"
"3346","350810","2021","17"
"3347","350820","2021","6"
"3348","350830","2021","4"
"3349","350840","2021","71"
"3350","350850","2021","134"
"3351","350860","2021","42"
"3352","350870","2021","15"
"3353","350880","2021","19"
"3354","350890","2021","4"
"3355","350900","2021","128"
"3356","350910","2021","2"
"3357","350920","2021","121"
"3358","350925","2021","36"
"3359","350930","2021","8"
"3360","350940","2021","56"
"3361","350945","2021","3"
"3362","350950","2021","1579"
"3363","350960","2021","111"
"3364","350970","2021","77"
"3365","350980","2021","6"
"3366","350990","2021","22"
"3367","350995","2021","12"
"3368","351000","2021","38"
"3369","351010","2021","2"
"3370","351015","2021","14"
"3371","351020","2021","51"
"3372","351030","2021","39"
"3373","351040","2021","63"
"3374","351050","2021","252"
"3375","351060","2021","664"
"3376","351070","2021","7"
"3377","351080","2021","43"
"3378","351090","2021","2"
"3379","351100","2021","27"
"3380","351110","2021","151"
"3381","351120","2021","7"
"3382","351130","2021","11"
"3383","351140","2021","23"
"3384","351150","2021","46"
"3385","351160","2021","33"
"3386","351170","2021","21"
"3387","351190","2021","12"
"3388","351200","2021","26"
"3389","351210","2021","6"
"3390","351220","2021","47"
"3391","351230","2021","27"
"3392","351240","2021","31"
"3393","351250","2021","7"
"3394","351260","2021","5"
"3395","351270","2021","1"
"3396","351280","2021","78"
"3397","351290","2021","13"
"3398","351300","2021","370"
"3399","351310","2021","48"
"3400","351320","2021","9"
"3401","351330","2021","2"
"3402","351340","2021","88"
"3403","351350","2021","202"
"3404","351360","2021","38"
"3405","351370","2021","43"
"3406","351380","2021","504"
"3407","351385","2021","3"
"3408","351390","2021","16"
"3409","351400","2021","4"
"3410","351410","2021","31"
"3411","351420","2021","4"
"3412","351430","2021","10"
"3413","351440","2021","44"
"3414","351450","2021","8"
"3415","351460","2021","10"
"3416","351470","2021","6"
"3417","351480","2021","22"
"3418","351490","2021","28"
"3419","351492","2021","2"
"3420","351495","2021","2"
"3421","351500","2021","357"
"3422","351510","2021","85"
"3423","351512","2021","1"
"3424","351515","2021","33"
"3425","351518","2021","63"
"3426","351519","2021","9"
"3427","351520","2021","13"
"3428","351530","2021","4"
"3429","351535","2021","3"
"3430","351540","2021","27"
"3431","351550","2021","80"
"3432","351560","2021","6"
"3433","351565","2021","3"
"3434","351570","2021","268"
"3435","351580","2021","1"
"3436","351590","2021","3"
"3437","351600","2021","12"
"3438","351620","2021","456"
"3439","351630","2021","240"
"3440","351640","2021","228"
"3441","351650","2021","3"
"3442","351660","2021","10"
"3443","351670","2021","46"
"3444","351680","2021","5"
"3445","351685","2021","11"
"3446","351690","2021","12"
"3447","351700","2021","17"
"3448","351710","2021","3"
"3449","351720","2021","27"
"3450","351730","2021","11"
"3451","351740","2021","58"
"3452","351750","2021","26"
"3453","351760","2021","30"
"3454","351770","2021","24"
"3455","351780","2021","17"
"3456","351790","2021","13"
"3457","351800","2021","2"
"3458","351810","2021","7"
"3459","351820","2021","31"
"3460","351830","2021","46"
"3461","351840","2021","140"
"3462","351850","2021","11"
"3463","351860","2021","43"
"3464","351870","2021","428"
"3465","351880","2021","1955"
"3466","351885","2021","12"
"3467","351890","2021","8"
"3468","351900","2021","10"
"3469","351905","2021","16"
"3470","351907","2021","305"
"3471","351910","2021","6"
"3472","351920","2021","4"
"3473","351925","2021","6"
"3474","351930","2021","48"
"3475","351940","2021","15"
"3476","351950","2021","11"
"3477","351960","2021","92"
"3478","351970","2021","106"
"3479","351980","2021","8"
"3480","351990","2021","9"
"3481","352000","2021","37"
"3482","352010","2021","26"
"3483","352020","2021","13"
"3484","352030","2021","22"
"3485","352040","2021","50"
"3486","352042","2021","9"
"3487","352044","2021","37"
"3488","352050","2021","319"
"3489","352060","2021","4"
"3490","352070","2021","4"
"3491","352080","2021","4"
"3492","352090","2021","15"
"3493","352100","2021","47"
"3494","352110","2021","10"
"3495","352115","2021","12"
"3496","352120","2021","6"
"3497","352130","2021","15"
"3498","352140","2021","21"
"3499","352150","2021","7"
"3500","352160","2021","12"
"3501","352170","2021","17"
"3502","352180","2021","46"
"3503","352190","2021","27"
"3504","352200","2021","9"
"3505","352210","2021","161"
"3506","352215","2021","4"
"3507","352220","2021","266"
"3508","352230","2021","194"
"3509","352240","2021","129"
"3510","352250","2021","463"
"3511","352260","2021","83"
"3512","352265","2021","13"
"3513","352270","2021","61"
"3514","352280","2021","15"
"3515","352290","2021","25"
"3516","352300","2021","3"
"3517","352310","2021","629"
"3518","352320","2021","72"
"3519","352330","2021","29"
"3520","352340","2021","149"
"3521","352350","2021","47"
"3522","352360","2021","14"
"3523","352370","2021","12"
"3524","352380","2021","9"
"3525","352390","2021","285"
"3526","352400","2021","69"
"3527","352410","2021","56"
"3528","352420","2021","8"
"3529","352430","2021","74"
"3530","352440","2021","360"
"3531","352450","2021","7"
"3532","352460","2021","26"
"3533","352470","2021","74"
"3534","352480","2021","61"
"3535","352490","2021","6"
"3536","352500","2021","182"
"3537","352510","2021","60"
"3538","352520","2021","61"
"3539","352530","2021","213"
"3540","352540","2021","7"
"3541","352550","2021","13"
"3542","352560","2021","7"
"3543","352570","2021","55"
"3544","352580","2021","5"
"3545","352585","2021","6"
"3546","352590","2021","618"
"3547","352600","2021","23"
"3548","352610","2021","20"
"3549","352620","2021","35"
"3550","352630","2021","6"
"3551","352640","2021","45"
"3552","352650","2021","1"
"3553","352660","2021","10"
"3554","352670","2021","112"
"3555","352680","2021","109"
"3556","352690","2021","332"
"3557","352700","2021","8"
"3558","352710","2021","119"
"3559","352720","2021","149"
"3560","352725","2021","1"
"3561","352730","2021","82"
"3562","352740","2021","18"
"3563","352750","2021","5"
"3564","352760","2021","17"
"3565","352770","2021","14"
"3566","352780","2021","4"
"3567","352790","2021","6"
"3568","352800","2021","24"
"3569","352810","2021","7"
"3570","352820","2021","3"
"3571","352830","2021","1"
"3572","352840","2021","92"
"3573","352850","2021","115"
"3574","352860","2021","15"
"3575","352870","2021","5"
"3576","352880","2021","28"
"3577","352885","2021","4"
"3578","352890","2021","7"
"3579","352900","2021","377"
"3580","352910","2021","3"
"3581","352920","2021","37"
"3582","352930","2021","91"
"3583","352940","2021","564"
"3584","352950","2021","7"
"3585","352960","2021","6"
"3586","352965","2021","3"
"3587","352970","2021","16"
"3588","352980","2021","16"
"3589","352990","2021","29"
"3590","353000","2021","6"
"3591","353010","2021","23"
"3592","353020","2021","18"
"3593","353030","2021","87"
"3594","353040","2021","5"
"3595","353050","2021","95"
"3596","353060","2021","846"
"3597","353070","2021","229"
"3598","353080","2021","125"
"3599","353090","2021","8"
"3600","353110","2021","88"
"3601","353120","2021","6"
"3602","353130","2021","49"
"3603","353140","2021","18"
"3604","353150","2021","34"
"3605","353160","2021","1"
"3606","353170","2021","2"
"3607","353180","2021","116"
"3608","353190","2021","45"
"3609","353200","2021","8"
"3610","353205","2021","3"
"3611","353210","2021","2"
"3612","353215","2021","1"
"3613","353220","2021","11"
"3614","353230","2021","14"
"3615","353240","2021","34"
"3616","353250","2021","10"
"3617","353260","2021","7"
"3618","353270","2021","7"
"3619","353280","2021","10"
"3620","353282","2021","11"
"3621","353286","2021","1"
"3622","353290","2021","18"
"3623","353300","2021","33"
"3624","353310","2021","2"
"3625","353320","2021","4"
"3626","353325","2021","5"
"3627","353330","2021","3"
"3628","353340","2021","78"
"3629","353350","2021","47"
"3630","353360","2021","4"
"3631","353370","2021","7"
"3632","353380","2021","3"
"3633","353390","2021","75"
"3634","353400","2021","7"
"3635","353410","2021","5"
"3636","353420","2021","8"
"3637","353430","2021","67"
"3638","353440","2021","1104"
"3639","353460","2021","23"
"3640","353470","2021","141"
"3641","353475","2021","12"
"3642","353480","2021","13"
"3643","353490","2021","17"
"3644","353500","2021","16"
"3645","353510","2021","20"
"3646","353520","2021","15"
"3647","353530","2021","34"
"3648","353540","2021","24"
"3649","353550","2021","60"
"3650","353560","2021","24"
"3651","353570","2021","5"
"3652","353580","2021","23"
"3653","353590","2021","4"
"3654","353600","2021","5"
"3655","353610","2021","13"
"3656","353620","2021","24"
"3657","353625","2021","5"
"3658","353630","2021","20"
"3659","353640","2021","15"
"3660","353650","2021","146"
"3661","353657","2021","3"
"3662","353660","2021","5"
"3663","353670","2021","59"
"3664","353680","2021","6"
"3665","353690","2021","4"
"3666","353700","2021","14"
"3667","353710","2021","57"
"3668","353715","2021","2"
"3669","353720","2021","20"
"3670","353730","2021","134"
"3671","353740","2021","22"
"3672","353750","2021","8"
"3673","353760","2021","107"
"3674","353770","2021","8"
"3675","353780","2021","75"
"3676","353790","2021","40"
"3677","353800","2021","243"
"3678","353810","2021","26"
"3679","353820","2021","24"
"3680","353830","2021","2"
"3681","353850","2021","21"
"3682","353860","2021","46"
"3683","353870","2021","536"
"3684","353880","2021","41"
"3685","353890","2021","15"
"3686","353900","2021","9"
"3687","353910","2021","20"
"3688","353920","2021","36"
"3689","353930","2021","90"
"3690","353940","2021","18"
"3691","353950","2021","58"
"3692","353960","2021","7"
"3693","353970","2021","4"
"3694","353980","2021","161"
"3695","353990","2021","6"
"3696","354000","2021","23"
"3697","354010","2021","6"
"3698","354020","2021","48"
"3699","354025","2021","9"
"3700","354030","2021","3"
"3701","354040","2021","5"
"3702","354050","2021","10"
"3703","354060","2021","70"
"3704","354070","2021","62"
"3705","354075","2021","29"
"3706","354080","2021","17"
"3707","354085","2021","2"
"3708","354090","2021","20"
"3709","354100","2021","500"
"3710","354105","2021","11"
"3711","354110","2021","6"
"3712","354120","2021","13"
"3713","354130","2021","36"
"3714","354140","2021","303"
"3715","354150","2021","19"
"3716","354160","2021","48"
"3717","354165","2021","2"
"3718","354170","2021","27"
"3719","354180","2021","5"
"3720","354190","2021","18"
"3721","354200","2021","10"
"3722","354210","2021","15"
"3723","354220","2021","26"
"3724","354230","2021","8"
"3725","354240","2021","25"
"3726","354250","2021","9"
"3727","354260","2021","102"
"3728","354270","2021","13"
"3729","354280","2021","4"
"3730","354290","2021","9"
"3731","354300","2021","25"
"3732","354310","2021","5"
"3733","354320","2021","11"
"3734","354323","2021","5"
"3735","354325","2021","14"
"3736","354330","2021","131"
"3737","354340","2021","951"
"3738","354350","2021","11"
"3739","354360","2021","4"
"3740","354370","2021","17"
"3741","354380","2021","7"
"3742","354390","2021","269"
"3743","354400","2021","45"
"3744","354410","2021","45"
"3745","354420","2021","11"
"3746","354425","2021","11"
"3747","354430","2021","11"
"3748","354440","2021","4"
"3749","354450","2021","4"
"3750","354460","2021","15"
"3751","354470","2021","2"
"3752","354480","2021","3"
"3753","354490","2021","17"
"3754","354500","2021","32"
"3755","354510","2021","4"
"3756","354515","2021","9"
"3757","354520","2021","223"
"3758","354530","2021","47"
"3759","354540","2021","21"
"3760","354550","2021","6"
"3761","354560","2021","22"
"3762","354570","2021","11"
"3763","354580","2021","244"
"3764","354600","2021","16"
"3765","354610","2021","6"
"3766","354620","2021","2"
"3767","354625","2021","3"
"3768","354630","2021","58"
"3769","354640","2021","69"
"3770","354650","2021","11"
"3771","354660","2021","43"
"3772","354670","2021","36"
"3773","354680","2021","80"
"3774","354690","2021","4"
"3775","354700","2021","8"
"3776","354710","2021","3"
"3777","354720","2021","4"
"3778","354730","2021","233"
"3779","354740","2021","3"
"3780","354750","2021","32"
"3781","354760","2021","29"
"3782","354770","2021","21"
"3783","354780","2021","851"
"3784","354790","2021","8"
"3785","354800","2021","27"
"3786","354805","2021","9"
"3787","354810","2021","1"
"3788","354820","2021","7"
"3789","354830","2021","6"
"3790","354840","2021","4"
"3791","354850","2021","474"
"3792","354860","2021","13"
"3793","354870","2021","936"
"3794","354880","2021","136"
"3795","354890","2021","315"
"3796","354900","2021","4"
"3797","354910","2021","122"
"3798","354920","2021","1"
"3799","354925","2021","4"
"3800","354930","2021","1"
"3801","354940","2021","59"
"3802","354950","2021","10"
"3803","354960","2021","4"
"3804","354970","2021","81"
"3805","354980","2021","596"
"3806","354990","2021","1100"
"3807","354995","2021","21"
"3808","355000","2021","9"
"3809","355010","2021","57"
"3810","355020","2021","43"
"3811","355030","2021","14730"
"3812","355040","2021","53"
"3813","355050","2021","12"
"3814","355060","2021","118"
"3815","355070","2021","140"
"3816","355080","2021","14"
"3817","355090","2021","8"
"3818","355100","2021","472"
"3819","355110","2021","3"
"3820","355120","2021","7"
"3821","355140","2021","17"
"3822","355150","2021","75"
"3823","355160","2021","28"
"3824","355170","2021","173"
"3825","355180","2021","24"
"3826","355190","2021","15"
"3827","355200","2021","5"
"3828","355210","2021","48"
"3829","355220","2021","1031"
"3830","355230","2021","9"
"3831","355240","2021","360"
"3832","355250","2021","579"
"3833","355255","2021","12"
"3834","355260","2021","17"
"3835","355270","2021","19"
"3836","355280","2021","389"
"3837","355290","2021","6"
"3838","355300","2021","26"
"3839","355310","2021","6"
"3840","355320","2021","4"
"3841","355330","2021","28"
"3842","355340","2021","43"
"3843","355350","2021","7"
"3844","355360","2021","15"
"3845","355365","2021","5"
"3846","355370","2021","84"
"3847","355380","2021","22"
"3848","355385","2021","9"
"3849","355390","2021","6"
"3850","355395","2021","13"
"3851","355400","2021","162"
"3852","355410","2021","450"
"3853","355420","2021","7"
"3854","355430","2021","36"
"3855","355440","2021","11"
"3856","355450","2021","53"
"3857","355460","2021","1"
"3858","355465","2021","3"
"3859","355470","2021","18"
"3860","355480","2021","41"
"3861","355490","2021","9"
"3862","355495","2021","7"
"3863","355500","2021","51"
"3864","355510","2021","18"
"3865","355520","2021","3"
"3866","355530","2021","1"
"3867","355535","2021","9"
"3868","355540","2021","161"
"3869","355550","2021","10"
"3870","355560","2021","12"
"3871","355570","2021","5"
"3872","355580","2021","4"
"3873","355590","2021","4"
"3874","355600","2021","14"
"3875","355610","2021","15"
"3876","355620","2021","142"
"3877","355630","2021","44"
"3878","355635","2021","11"
"3879","355640","2021","51"
"3880","355645","2021","74"
"3881","355650","2021","142"
"3882","355660","2021","13"
"3883","355670","2021","115"
"3884","355680","2021","23"
"3885","355690","2021","14"
"3886","355695","2021","3"
"3887","355700","2021","144"
"3888","355710","2021","89"
"3889","355715","2021","2"
"3890","355720","2021","14"
"3891","355730","2021","12"
"3892","410010","2021","10"
"3893","410020","2021","2"
"3894","410030","2021","16"
"3895","410040","2021","179"
"3896","410045","2021","5"
"3897","410050","2021","24"
"3898","410060","2021","12"
"3899","410070","2021","9"
"3900","410080","2021","8"
"3901","410090","2021","8"
"3902","410100","2021","38"
"3903","410105","2021","2"
"3904","410110","2021","25"
"3905","410115","2021","12"
"3906","410120","2021","29"
"3907","410130","2021","6"
"3908","410140","2021","213"
"3909","410150","2021","208"
"3910","410160","2021","48"
"3911","410165","2021","6"
"3912","410170","2021","31"
"3913","410180","2021","189"
"3914","410185","2021","4"
"3915","410190","2021","20"
"3916","410200","2021","44"
"3917","410210","2021","38"
"3918","410220","2021","8"
"3919","410230","2021","24"
"3920","410240","2021","48"
"3921","410250","2021","15"
"3922","410260","2021","10"
"3923","410270","2021","2"
"3924","410275","2021","5"
"3925","410280","2021","18"
"3926","410290","2021","36"
"3927","410300","2021","5"
"3928","410302","2021","3"
"3929","410304","2021","5"
"3930","410305","2021","3"
"3931","410310","2021","15"
"3932","410315","2021","1"
"3933","410320","2021","4"
"3934","410322","2021","8"
"3935","410330","2021","7"
"3936","410335","2021","6"
"3937","410340","2021","2"
"3938","410345","2021","39"
"3939","410347","2021","2"
"3940","410350","2021","18"
"3941","410360","2021","34"
"3942","410370","2021","136"
"3943","410380","2021","22"
"3944","410390","2021","27"
"3945","410395","2021","9"
"3946","410400","2021","89"
"3947","410405","2021","2"
"3948","410410","2021","13"
"3949","410420","2021","163"
"3950","410425","2021","44"
"3951","410430","2021","159"
"3952","410440","2021","27"
"3953","410442","2021","28"
"3954","410445","2021","16"
"3955","410450","2021","32"
"3956","410460","2021","18"
"3957","410465","2021","34"
"3958","410470","2021","29"
"3959","410480","2021","593"
"3960","410490","2021","141"
"3961","410500","2021","12"
"3962","410510","2021","10"
"3963","410520","2021","21"
"3964","410530","2021","13"
"3965","410540","2021","30"
"3966","410550","2021","104"
"3967","410560","2021","16"
"3968","410570","2021","16"
"3969","410580","2021","318"
"3970","410590","2021","35"
"3971","410600","2021","9"
"3972","410610","2021","7"
"3973","410620","2021","24"
"3974","410630","2021","37"
"3975","410640","2021","69"
"3976","410645","2021","7"
"3977","410650","2021","36"
"3978","410655","2021","5"
"3979","410657","2021","2"
"3980","410660","2021","29"
"3981","410670","2021","7"
"3982","410680","2021","38"
"3983","410685","2021","7"
"3984","410690","2021","1900"
"3985","410700","2021","16"
"3986","410710","2021","2"
"3987","410712","2021","6"
"3988","410715","2021","6"
"3989","410720","2021","45"
"3990","410725","2021","10"
"3991","410730","2021","9"
"3992","410740","2021","9"
"3993","410750","2021","15"
"3994","410752","2021","3"
"3995","410753","2021","2"
"3996","410754","2021","8"
"3997","410755","2021","1"
"3998","410760","2021","32"
"3999","410765","2021","216"
"4000","410770","2021","2"
"4001","410773","2021","17"
"4002","410775","2021","8"
"4003","410780","2021","1"
"4004","410785","2021","7"
"4005","410790","2021","8"
"4006","410800","2021","8"
"4007","410810","2021","3"
"4008","410820","2021","11"
"4009","410830","2021","466"
"4010","410832","2021","7"
"4011","410840","2021","164"
"4012","410845","2021","10"
"4013","410850","2021","20"
"4014","410855","2021","4"
"4015","410860","2021","43"
"4016","410865","2021","16"
"4017","410870","2021","7"
"4018","410880","2021","59"
"4019","410890","2021","6"
"4020","410895","2021","14"
"4021","410900","2021","11"
"4022","410910","2021","2"
"4023","410920","2021","2"
"4024","410930","2021","19"
"4025","410940","2021","230"
"4026","410950","2021","4"
"4027","410960","2021","69"
"4028","410965","2021","2"
"4029","410970","2021","44"
"4030","410975","2021","8"
"4031","410980","2021","53"
"4032","410990","2021","2"
"4033","411000","2021","8"
"4034","411005","2021","3"
"4035","411007","2021","24"
"4036","411010","2021","73"
"4037","411020","2021","22"
"4038","411030","2021","5"
"4039","411040","2021","8"
"4040","411050","2021","23"
"4041","411060","2021","20"
"4042","411065","2021","4"
"4043","411070","2021","113"
"4044","411080","2021","19"
"4045","411090","2021","11"
"4046","411095","2021","34"
"4047","411100","2021","3"
"4048","411110","2021","6"
"4049","411120","2021","9"
"4050","411125","2021","51"
"4051","411130","2021","5"
"4052","411140","2021","21"
"4053","411150","2021","61"
"4054","411155","2021","9"
"4055","411160","2021","2"
"4056","411170","2021","4"
"4057","411180","2021","51"
"4058","411190","2021","17"
"4059","411200","2021","60"
"4060","411210","2021","41"
"4061","411220","2021","6"
"4062","411230","2021","12"
"4063","411240","2021","5"
"4064","411250","2021","19"
"4065","411270","2021","20"
"4066","411275","2021","12"
"4067","411280","2021","28"
"4068","411290","2021","4"
"4069","411295","2021","12"
"4070","411300","2021","11"
"4071","411310","2021","6"
"4072","411320","2021","70"
"4073","411325","2021","7"
"4074","411330","2021","25"
"4075","411340","2021","2"
"4076","411342","2021","3"
"4077","411345","2021","11"
"4078","411350","2021","20"
"4079","411360","2021","1"
"4080","411370","2021","735"
"4081","411373","2021","12"
"4082","411375","2021","7"
"4083","411380","2021","9"
"4084","411390","2021","21"
"4085","411400","2021","18"
"4086","411410","2021","47"
"4087","411420","2021","50"
"4088","411430","2021","43"
"4089","411435","2021","2"
"4090","411440","2021","43"
"4091","411450","2021","20"
"4092","411460","2021","80"
"4093","411470","2021","4"
"4094","411480","2021","71"
"4095","411490","2021","20"
"4096","411500","2021","13"
"4097","411510","2021","10"
"4098","411520","2021","479"
"4099","411530","2021","7"
"4100","411535","2021","10"
"4101","411540","2021","28"
"4102","411545","2021","3"
"4103","411550","2021","6"
"4104","411560","2021","38"
"4105","411570","2021","45"
"4106","411573","2021","5"
"4107","411575","2021","21"
"4108","411580","2021","65"
"4109","411585","2021","5"
"4110","411590","2021","2"
"4111","411600","2021","3"
"4112","411605","2021","20"
"4113","411610","2021","17"
"4114","411620","2021","14"
"4115","411630","2021","7"
"4116","411640","2021","2"
"4117","411650","2021","1"
"4118","411660","2021","6"
"4119","411670","2021","10"
"4120","411680","2021","9"
"4121","411690","2021","40"
"4122","411695","2021","4"
"4123","411700","2021","7"
"4124","411705","2021","13"
"4125","411710","2021","8"
"4126","411720","2021","6"
"4127","411721","2021","8"
"4128","411722","2021","4"
"4129","411725","2021","12"
"4130","411727","2021","8"
"4131","411729","2021","7"
"4132","411730","2021","46"
"4133","411740","2021","4"
"4134","411745","2021","12"
"4135","411750","2021","92"
"4136","411760","2021","69"
"4137","411770","2021","62"
"4138","411780","2021","16"
"4139","411790","2021","43"
"4140","411800","2021","16"
"4141","411810","2021","13"
"4142","411820","2021","191"
"4143","411830","2021","5"
"4144","411840","2021","113"
"4145","411845","2021","13"
"4146","411850","2021","116"
"4147","411860","2021","13"
"4148","411870","2021","6"
"4149","411880","2021","14"
"4150","411885","2021","9"
"4151","411890","2021","17"
"4152","411900","2021","5"
"4153","411910","2021","23"
"4154","411915","2021","157"
"4155","411920","2021","15"
"4156","411925","2021","5"
"4157","411930","2021","55"
"4158","411940","2021","29"
"4159","411950","2021","162"
"4160","411960","2021","50"
"4161","411965","2021","2"
"4162","411970","2021","8"
"4163","411980","2021","6"
"4164","411990","2021","515"
"4165","411995","2021","31"
"4166","412000","2021","16"
"4167","412010","2021","5"
"4168","412015","2021","1"
"4169","412020","2021","5"
"4170","412030","2021","8"
"4171","412033","2021","7"
"4172","412035","2021","8"
"4173","412040","2021","3"
"4174","412050","2021","12"
"4175","412060","2021","64"
"4176","412065","2021","4"
"4177","412070","2021","12"
"4178","412080","2021","36"
"4179","412085","2021","5"
"4180","412090","2021","43"
"4181","412100","2021","12"
"4182","412110","2021","10"
"4183","412120","2021","27"
"4184","412125","2021","9"
"4185","412130","2021","5"
"4186","412135","2021","2"
"4187","412140","2021","27"
"4188","412150","2021","21"
"4189","412160","2021","10"
"4190","412170","2021","37"
"4191","412175","2021","12"
"4192","412180","2021","14"
"4193","412190","2021","14"
"4194","412200","2021","28"
"4195","412210","2021","1"
"4196","412215","2021","16"
"4197","412217","2021","8"
"4198","412220","2021","54"
"4199","412230","2021","54"
"4200","412240","2021","81"
"4201","412250","2021","11"
"4202","412260","2021","10"
"4203","412265","2021","5"
"4204","412270","2021","16"
"4205","412280","2021","5"
"4206","412290","2021","8"
"4207","412300","2021","26"
"4208","412310","2021","6"
"4209","412320","2021","4"
"4210","412330","2021","9"
"4211","412340","2021","12"
"4212","412350","2021","51"
"4213","412360","2021","2"
"4214","412370","2021","13"
"4215","412380","2021","19"
"4216","412382","2021","6"
"4217","412385","2021","18"
"4218","412390","2021","15"
"4219","412395","2021","4"
"4220","412400","2021","2"
"4221","412402","2021","15"
"4222","412405","2021","43"
"4223","412410","2021","65"
"4224","412420","2021","5"
"4225","412430","2021","2"
"4226","412440","2021","45"
"4227","412450","2021","7"
"4228","412460","2021","5"
"4229","412470","2021","14"
"4230","412480","2021","16"
"4231","412490","2021","9"
"4232","412500","2021","8"
"4233","412510","2021","17"
"4234","412520","2021","13"
"4235","412530","2021","3"
"4236","412535","2021","8"
"4237","412540","2021","5"
"4238","412545","2021","6"
"4239","412550","2021","500"
"4240","412555","2021","4"
"4241","412560","2021","70"
"4242","412570","2021","63"
"4243","412575","2021","9"
"4244","412580","2021","14"
"4245","412590","2021","1"
"4246","412600","2021","10"
"4247","412610","2021","9"
"4248","412620","2021","13"
"4249","412625","2021","193"
"4250","412627","2021","9"
"4251","412630","2021","27"
"4252","412635","2021","4"
"4253","412640","2021","5"
"4254","412650","2021","25"
"4255","412660","2021","33"
"4256","412665","2021","5"
"4257","412667","2021","12"
"4258","412670","2021","2"
"4259","412680","2021","16"
"4260","412690","2021","4"
"4261","412700","2021","5"
"4262","412710","2021","93"
"4263","412720","2021","21"
"4264","412730","2021","23"
"4265","412740","2021","32"
"4266","412750","2021","27"
"4267","412760","2021","30"
"4268","412770","2021","231"
"4269","412780","2021","6"
"4270","412785","2021","12"
"4271","412788","2021","8"
"4272","412790","2021","16"
"4273","412795","2021","7"
"4274","412796","2021","15"
"4275","412800","2021","35"
"4276","412810","2021","145"
"4277","412820","2021","93"
"4278","412840","2021","11"
"4279","412850","2021","30"
"4280","412853","2021","15"
"4281","412855","2021","6"
"4282","412860","2021","16"
"4283","412862","2021","3"
"4284","412863","2021","12"
"4285","412865","2021","3"
"4286","412870","2021","13"
"4287","412880","2021","3"
"4288","420005","2021","1"
"4289","420010","2021","26"
"4290","420020","2021","11"
"4291","420030","2021","9"
"4292","420040","2021","5"
"4293","420050","2021","10"
"4294","420060","2021","7"
"4295","420070","2021","6"
"4296","420075","2021","2"
"4297","420080","2021","7"
"4298","420090","2021","7"
"4299","420100","2021","8"
"4300","420110","2021","5"
"4301","420120","2021","16"
"4302","420125","2021","9"
"4303","420127","2021","5"
"4304","420130","2021","97"
"4305","420140","2021","98"
"4306","420150","2021","15"
"4307","420160","2021","3"
"4308","420170","2021","6"
"4309","420180","2021","6"
"4310","420190","2021","9"
"4311","420195","2021","16"
"4312","420200","2021","138"
"4313","420205","2021","19"
"4314","420207","2021","19"
"4315","420208","2021","1"
"4316","420209","2021","1"
"4317","420210","2021","66"
"4318","420213","2021","12"
"4319","420215","2021","2"
"4320","420220","2021","12"
"4321","420230","2021","86"
"4322","420240","2021","461"
"4323","420243","2021","3"
"4324","420245","2021","29"
"4325","420250","2021","2"
"4326","420253","2021","6"
"4327","420257","2021","4"
"4328","420260","2021","10"
"4329","420270","2021","4"
"4330","420280","2021","47"
"4331","420285","2021","7"
"4332","420287","2021","7"
"4333","420290","2021","192"
"4334","420300","2021","88"
"4335","420310","2021","9"
"4336","420315","2021","7"
"4337","420320","2021","103"
"4338","420325","2021","5"
"4339","420330","2021","10"
"4340","420340","2021","4"
"4341","420350","2021","13"
"4342","420360","2021","53"
"4343","420370","2021","10"
"4344","420380","2021","86"
"4345","420390","2021","44"
"4346","420395","2021","25"
"4347","420400","2021","13"
"4348","420410","2021","7"
"4349","420415","2021","1"
"4350","420417","2021","4"
"4351","420419","2021","2"
"4352","420420","2021","397"
"4353","420425","2021","21"
"4354","420430","2021","151"
"4355","420435","2021","4"
"4356","420440","2021","16"
"4357","420445","2021","2"
"4358","420450","2021","23"
"4359","420455","2021","25"
"4360","420460","2021","264"
"4361","420470","2021","14"
"4362","420480","2021","75"
"4363","420490","2021","9"
"4364","420500","2021","17"
"4365","420510","2021","3"
"4366","420515","2021","4"
"4367","420517","2021","8"
"4368","420519","2021","4"
"4369","420520","2021","9"
"4370","420530","2021","20"
"4371","420535","2021","5"
"4372","420540","2021","555"
"4373","420543","2021","7"
"4374","420545","2021","39"
"4375","420550","2021","55"
"4376","420555","2021","2"
"4377","420560","2021","2"
"4378","420570","2021","28"
"4379","420580","2021","44"
"4380","420590","2021","71"
"4381","420600","2021","13"
"4382","420610","2021","5"
"4383","420620","2021","19"
"4384","420630","2021","22"
"4385","420640","2021","13"
"4386","420650","2021","62"
"4387","420660","2021","6"
"4388","420665","2021","15"
"4389","420670","2021","28"
"4390","420680","2021","4"
"4391","420690","2021","16"
"4392","420700","2021","71"
"4393","420710","2021","12"
"4394","420720","2021","6"
"4395","420730","2021","53"
"4396","420740","2021","9"
"4397","420750","2021","79"
"4398","420757","2021","3"
"4399","420760","2021","7"
"4400","420765","2021","18"
"4401","420768","2021","27"
"4402","420770","2021","18"
"4403","420775","2021","6"
"4404","420780","2021","19"
"4405","420785","2021","1"
"4406","420790","2021","21"
"4407","420800","2021","13"
"4408","420810","2021","43"
"4409","420820","2021","359"
"4410","420830","2021","115"
"4411","420840","2021","28"
"4412","420845","2021","47"
"4413","420850","2021","35"
"4414","420860","2021","3"
"4415","420870","2021","16"
"4416","420880","2021","33"
"4417","420890","2021","236"
"4418","420895","2021","1"
"4419","420900","2021","39"
"4420","420910","2021","928"
"4421","420915","2021","9"
"4422","420917","2021","3"
"4423","420920","2021","4"
"4424","420930","2021","213"
"4425","420940","2021","45"
"4426","420945","2021","3"
"4427","420950","2021","7"
"4428","420960","2021","19"
"4429","420970","2021","18"
"4430","420980","2021","10"
"4431","420985","2021","9"
"4432","420990","2021","14"
"4433","421000","2021","19"
"4434","421003","2021","8"
"4435","421005","2021","2"
"4436","421010","2021","103"
"4437","421020","2021","4"
"4438","421030","2021","12"
"4439","421040","2021","7"
"4440","421050","2021","34"
"4441","421055","2021","4"
"4442","421060","2021","24"
"4443","421070","2021","2"
"4444","421080","2021","2"
"4445","421085","2021","2"
"4446","421090","2021","6"
"4447","421100","2021","16"
"4448","421105","2021","18"
"4449","421110","2021","14"
"4450","421120","2021","29"
"4451","421125","2021","11"
"4452","421130","2021","161"
"4453","421140","2021","10"
"4454","421145","2021","3"
"4455","421150","2021","10"
"4456","421160","2021","9"
"4457","421165","2021","1"
"4458","421170","2021","25"
"4459","421175","2021","19"
"4460","421180","2021","10"
"4461","421185","2021","2"
"4462","421187","2021","2"
"4463","421189","2021","3"
"4464","421190","2021","287"
"4465","421200","2021","14"
"4466","421205","2021","7"
"4467","421210","2021","19"
"4468","421220","2021","38"
"4469","421223","2021","8"
"4470","421225","2021","7"
"4471","421227","2021","5"
"4472","421230","2021","15"
"4473","421240","2021","3"
"4474","421250","2021","35"
"4475","421260","2021","5"
"4476","421265","2021","12"
"4477","421270","2021","5"
"4478","421280","2021","27"
"4479","421290","2021","38"
"4480","421300","2021","8"
"4481","421310","2021","15"
"4482","421315","2021","7"
"4483","421320","2021","40"
"4484","421330","2021","6"
"4485","421335","2021","9"
"4486","421340","2021","13"
"4487","421350","2021","29"
"4488","421360","2021","41"
"4489","421370","2021","17"
"4490","421380","2021","8"
"4491","421390","2021","6"
"4492","421400","2021","16"
"4493","421415","2021","6"
"4494","421420","2021","19"
"4495","421440","2021","5"
"4496","421450","2021","4"
"4497","421460","2021","5"
"4498","421470","2021","18"
"4499","421480","2021","96"
"4500","421490","2021","8"
"4501","421500","2021","85"
"4502","421505","2021","2"
"4503","421507","2021","7"
"4504","421510","2021","18"
"4505","421520","2021","4"
"4506","421530","2021","11"
"4507","421535","2021","6"
"4508","421540","2021","7"
"4509","421545","2021","24"
"4510","421550","2021","23"
"4511","421555","2021","4"
"4512","421560","2021","1"
"4513","421565","2021","7"
"4514","421567","2021","7"
"4515","421568","2021","7"
"4516","421569","2021","2"
"4517","421570","2021","34"
"4518","421575","2021","6"
"4519","421580","2021","130"
"4520","421590","2021","5"
"4521","421600","2021","7"
"4522","421605","2021","11"
"4523","421610","2021","13"
"4524","421620","2021","80"
"4525","421625","2021","6"
"4526","421630","2021","62"
"4527","421635","2021","9"
"4528","421640","2021","12"
"4529","421650","2021","26"
"4530","421660","2021","326"
"4531","421670","2021","16"
"4532","421680","2021","4"
"4533","421690","2021","49"
"4534","421700","2021","24"
"4535","421710","2021","4"
"4536","421715","2021","3"
"4537","421720","2021","64"
"4538","421725","2021","4"
"4539","421730","2021","12"
"4540","421740","2021","25"
"4541","421750","2021","27"
"4542","421760","2021","14"
"4543","421770","2021","30"
"4544","421775","2021","3"
"4545","421780","2021","30"
"4546","421790","2021","12"
"4547","421795","2021","3"
"4548","421800","2021","64"
"4549","421810","2021","2"
"4550","421820","2021","52"
"4551","421825","2021","10"
"4552","421830","2021","34"
"4553","421835","2021","7"
"4554","421840","2021","8"
"4555","421850","2021","15"
"4556","421860","2021","8"
"4557","421870","2021","189"
"4558","421875","2021","7"
"4559","421880","2021","13"
"4560","421885","2021","1"
"4561","421890","2021","8"
"4562","421895","2021","4"
"4563","421900","2021","25"
"4564","421910","2021","3"
"4565","421915","2021","2"
"4566","421917","2021","4"
"4567","421920","2021","11"
"4568","421930","2021","143"
"4569","421935","2021","5"
"4570","421940","2021","7"
"4571","421950","2021","89"
"4572","421960","2021","4"
"4573","421970","2021","49"
"4574","421985","2021","8"
"4575","422000","2021","29"
"4576","430003","2021","5"
"4577","430005","2021","6"
"4578","430010","2021","16"
"4579","430020","2021","6"
"4580","430030","2021","2"
"4581","430040","2021","130"
"4582","430045","2021","4"
"4583","430047","2021","4"
"4584","430050","2021","5"
"4585","430055","2021","5"
"4586","430057","2021","3"
"4587","430060","2021","257"
"4588","430063","2021","7"
"4589","430064","2021","7"
"4590","430066","2021","3"
"4591","430070","2021","2"
"4592","430080","2021","10"
"4593","430085","2021","6"
"4594","430087","2021","14"
"4595","430090","2021","9"
"4596","430100","2021","46"
"4597","430105","2021","20"
"4598","430107","2021","3"
"4599","430110","2021","11"
"4600","430120","2021","26"
"4601","430130","2021","30"
"4602","430140","2021","17"
"4603","430150","2021","11"
"4604","430155","2021","5"
"4605","430160","2021","180"
"4606","430163","2021","14"
"4607","430165","2021","9"
"4608","430170","2021","16"
"4609","430175","2021","6"
"4610","430180","2021","3"
"4611","430185","2021","5"
"4612","430187","2021","5"
"4613","430190","2021","19"
"4614","430192","2021","1"
"4615","430195","2021","9"
"4616","430200","2021","16"
"4617","430205","2021","3"
"4618","430210","2021","169"
"4619","430215","2021","6"
"4620","430220","2021","4"
"4621","430225","2021","3"
"4622","430230","2021","18"
"4623","430235","2021","14"
"4624","430237","2021","3"
"4625","430240","2021","15"
"4626","430245","2021","11"
"4627","430250","2021","5"
"4628","430258","2021","1"
"4629","430260","2021","3"
"4630","430265","2021","3"
"4631","430270","2021","29"
"4632","430280","2021","32"
"4633","430290","2021","15"
"4634","430300","2021","150"
"4635","430310","2021","187"
"4636","430320","2021","6"
"4637","430330","2021","7"
"4638","430340","2021","5"
"4639","430350","2021","85"
"4640","430355","2021","3"
"4641","430360","2021","2"
"4642","430367","2021","3"
"4643","430370","2021","5"
"4644","430380","2021","7"
"4645","430390","2021","83"
"4646","430400","2021","7"
"4647","430410","2021","10"
"4648","430420","2021","38"
"4649","430430","2021","6"
"4650","430435","2021","21"
"4651","430440","2021","53"
"4652","430450","2021","83"
"4653","430460","2021","531"
"4654","430461","2021","1"
"4655","430463","2021","75"
"4656","430465","2021","8"
"4657","430466","2021","43"
"4658","430467","2021","8"
"4659","430468","2021","15"
"4660","430469","2021","9"
"4661","430470","2021","96"
"4662","430471","2021","9"
"4663","430480","2021","48"
"4664","430485","2021","3"
"4665","430490","2021","12"
"4666","430495","2021","2"
"4667","430500","2021","10"
"4668","430510","2021","688"
"4669","430512","2021","8"
"4670","430513","2021","1"
"4671","430515","2021","1"
"4672","430517","2021","10"
"4673","430520","2021","15"
"4674","430530","2021","11"
"4675","430535","2021","39"
"4676","430537","2021","6"
"4677","430540","2021","6"
"4678","430543","2021","1"
"4679","430544","2021","4"
"4680","430545","2021","17"
"4681","430550","2021","6"
"4682","430560","2021","4"
"4683","430570","2021","11"
"4684","430580","2021","14"
"4685","430583","2021","2"
"4686","430585","2021","4"
"4687","430587","2021","3"
"4688","430590","2021","11"
"4689","430593","2021","1"
"4690","430595","2021","3"
"4691","430597","2021","4"
"4692","430600","2021","26"
"4693","430605","2021","7"
"4694","430607","2021","4"
"4695","430610","2021","84"
"4696","430613","2021","1"
"4697","430620","2021","11"
"4698","430630","2021","2"
"4699","430632","2021","2"
"4700","430635","2021","5"
"4701","430637","2021","8"
"4702","430640","2021","37"
"4703","430642","2021","6"
"4704","430645","2021","3"
"4705","430650","2021","10"
"4706","430655","2021","4"
"4707","430660","2021","34"
"4708","430670","2021","2"
"4709","430673","2021","5"
"4710","430675","2021","2"
"4711","430676","2021","61"
"4712","430680","2021","36"
"4713","430690","2021","23"
"4714","430692","2021","2"
"4715","430693","2021","11"
"4716","430695","2021","4"
"4717","430697","2021","6"
"4718","430700","2021","180"
"4719","430705","2021","6"
"4720","430710","2021","7"
"4721","430720","2021","12"
"4722","430730","2021","9"
"4723","430740","2021","3"
"4724","430745","2021","1"
"4725","430750","2021","32"
"4726","430755","2021","5"
"4727","430760","2021","72"
"4728","430770","2021","128"
"4729","430780","2021","57"
"4730","430781","2021","4"
"4731","430783","2021","2"
"4732","430786","2021","3"
"4733","430790","2021","93"
"4734","430800","2021","5"
"4735","430805","2021","3"
"4736","430807","2021","5"
"4737","430810","2021","24"
"4738","430820","2021","51"
"4739","430825","2021","1"
"4740","430830","2021","6"
"4741","430840","2021","11"
"4742","430843","2021","2"
"4743","430845","2021","10"
"4744","430850","2021","52"
"4745","430860","2021","53"
"4746","430865","2021","2"
"4747","430870","2021","4"
"4748","430880","2021","11"
"4749","430885","2021","2"
"4750","430890","2021","34"
"4751","430900","2021","21"
"4752","430905","2021","7"
"4753","430910","2021","48"
"4754","430912","2021","1"
"4755","430915","2021","3"
"4756","430920","2021","328"
"4757","430930","2021","110"
"4758","430940","2021","34"
"4759","430950","2021","5"
"4760","430955","2021","7"
"4761","430957","2021","3"
"4762","430960","2021","18"
"4763","430965","2021","7"
"4764","430970","2021","2"
"4765","430975","2021","4"
"4766","430980","2021","8"
"4767","430990","2021","9"
"4768","430995","2021","8"
"4769","431000","2021","25"
"4770","431010","2021","61"
"4771","431020","2021","102"
"4772","431030","2021","1"
"4773","431033","2021","35"
"4774","431036","2021","1"
"4775","431040","2021","10"
"4776","431041","2021","2"
"4777","431043","2021","5"
"4778","431046","2021","5"
"4779","431050","2021","18"
"4780","431053","2021","8"
"4781","431055","2021","7"
"4782","431057","2021","1"
"4783","431060","2021","55"
"4784","431065","2021","3"
"4785","431070","2021","4"
"4786","431075","2021","1"
"4787","431080","2021","15"
"4788","431085","2021","2"
"4789","431087","2021","4"
"4790","431090","2021","5"
"4791","431100","2021","23"
"4792","431110","2021","8"
"4793","431112","2021","7"
"4794","431115","2021","5"
"4795","431120","2021","37"
"4796","431123","2021","4"
"4797","431125","2021","16"
"4798","431127","2021","3"
"4799","431130","2021","36"
"4800","431140","2021","145"
"4801","431142","2021","1"
"4802","431150","2021","10"
"4803","431160","2021","11"
"4804","431162","2021","5"
"4805","431170","2021","4"
"4806","431171","2021","1"
"4807","431173","2021","3"
"4808","431175","2021","10"
"4809","431177","2021","10"
"4810","431179","2021","3"
"4811","431180","2021","90"
"4812","431190","2021","1"
"4813","431198","2021","4"
"4814","431200","2021","2"
"4815","431205","2021","4"
"4816","431210","2021","5"
"4817","431213","2021","7"
"4818","431215","2021","5"
"4819","431220","2021","1"
"4820","431225","2021","12"
"4821","431230","2021","7"
"4822","431235","2021","4"
"4823","431237","2021","5"
"4824","431238","2021","2"
"4825","431240","2021","102"
"4826","431242","2021","10"
"4827","431244","2021","5"
"4828","431245","2021","6"
"4829","431247","2021","6"
"4830","431250","2021","20"
"4831","431260","2021","1"
"4832","431261","2021","2"
"4833","431262","2021","6"
"4834","431265","2021","28"
"4835","431267","2021","6"
"4836","431270","2021","24"
"4837","431275","2021","8"
"4838","431280","2021","14"
"4839","431290","2021","10"
"4840","431301","2021","5"
"4841","431303","2021","7"
"4842","431306","2021","28"
"4843","431308","2021","2"
"4844","431310","2021","3"
"4845","431320","2021","42"
"4846","431330","2021","35"
"4847","431333","2021","6"
"4848","431335","2021","3"
"4849","431337","2021","55"
"4850","431339","2021","3"
"4851","431340","2021","336"
"4852","431342","2021","4"
"4853","431344","2021","1"
"4854","431346","2021","2"
"4855","431349","2021","6"
"4856","431350","2021","71"
"4857","431360","2021","3"
"4858","431365","2021","11"
"4859","431370","2021","50"
"4860","431380","2021","9"
"4861","431390","2021","77"
"4862","431395","2021","12"
"4863","431400","2021","16"
"4864","431402","2021","9"
"4865","431403","2021","8"
"4866","431405","2021","84"
"4867","431406","2021","5"
"4868","431407","2021","9"
"4869","431410","2021","458"
"4870","431413","2021","3"
"4871","431415","2021","12"
"4872","431417","2021","5"
"4873","431420","2021","4"
"4874","431430","2021","11"
"4875","431440","2021","472"
"4876","431442","2021","6"
"4877","431445","2021","8"
"4878","431447","2021","8"
"4879","431449","2021","10"
"4880","431450","2021","6"
"4881","431454","2021","4"
"4882","431455","2021","5"
"4883","431460","2021","19"
"4884","431470","2021","20"
"4885","431475","2021","2"
"4886","431477","2021","5"
"4887","431478","2021","1"
"4888","431480","2021","55"
"4889","431490","2021","1658"
"4890","431500","2021","5"
"4891","431505","2021","1"
"4892","431510","2021","10"
"4893","431513","2021","1"
"4894","431514","2021","7"
"4895","431515","2021","5"
"4896","431517","2021","1"
"4897","431520","2021","2"
"4898","431530","2021","34"
"4899","431531","2021","2"
"4900","431532","2021","2"
"4901","431535","2021","4"
"4902","431540","2021","24"
"4903","431550","2021","18"
"4904","431555","2021","6"
"4905","431560","2021","282"
"4906","431570","2021","45"
"4907","431575","2021","8"
"4908","431580","2021","7"
"4909","431590","2021","9"
"4910","431595","2021","1"
"4911","431600","2021","20"
"4912","431610","2021","13"
"4913","431620","2021","5"
"4914","431630","2021","6"
"4915","431640","2021","41"
"4916","431642","2021","2"
"4917","431643","2021","5"
"4918","431645","2021","19"
"4919","431647","2021","6"
"4920","431650","2021","15"
"4921","431660","2021","15"
"4922","431670","2021","9"
"4923","431673","2021","4"
"4924","431675","2021","8"
"4925","431680","2021","186"
"4926","431690","2021","436"
"4927","431695","2021","3"
"4928","431697","2021","1"
"4929","431700","2021","11"
"4930","431710","2021","118"
"4931","431720","2021","93"
"4932","431730","2021","27"
"4933","431740","2021","58"
"4934","431750","2021","108"
"4935","431755","2021","1"
"4936","431760","2021","55"
"4937","431770","2021","11"
"4938","431775","2021","4"
"4939","431780","2021","40"
"4940","431790","2021","13"
"4941","431795","2021","3"
"4942","431800","2021","87"
"4943","431805","2021","3"
"4944","431810","2021","13"
"4945","431820","2021","19"
"4946","431830","2021","59"
"4947","431840","2021","22"
"4948","431842","2021","3"
"4949","431843","2021","5"
"4950","431844","2021","1"
"4951","431845","2021","2"
"4952","431846","2021","4"
"4953","431848","2021","7"
"4954","431849","2021","1"
"4955","431850","2021","35"
"4956","431860","2021","4"
"4957","431861","2021","4"
"4958","431862","2021","10"
"4959","431870","2021","368"
"4960","431880","2021","34"
"4961","431890","2021","59"
"4962","431900","2021","33"
"4963","431910","2021","7"
"4964","431912","2021","2"
"4965","431915","2021","7"
"4966","431920","2021","5"
"4967","431930","2021","8"
"4968","431935","2021","9"
"4969","431936","2021","1"
"4970","431937","2021","3"
"4971","431940","2021","21"
"4972","431950","2021","29"
"4973","431960","2021","35"
"4974","431970","2021","2"
"4975","431971","2021","2"
"4976","431973","2021","8"
"4977","431980","2021","16"
"4978","431990","2021","128"
"4979","432000","2021","156"
"4980","432010","2021","28"
"4981","432020","2021","23"
"4982","432023","2021","4"
"4983","432026","2021","15"
"4984","432030","2021","7"
"4985","432032","2021","3"
"4986","432035","2021","3"
"4987","432040","2021","40"
"4988","432045","2021","3"
"4989","432050","2021","5"
"4990","432055","2021","3"
"4991","432057","2021","4"
"4992","432060","2021","6"
"4993","432067","2021","10"
"4994","432070","2021","32"
"4995","432080","2021","43"
"4996","432085","2021","4"
"4997","432090","2021","80"
"4998","432100","2021","26"
"4999","432110","2021","16"
"5000","432120","2021","73"
"5001","432130","2021","29"
"5002","432132","2021","5"
"5003","432135","2021","4"
"5004","432140","2021","22"
"5005","432143","2021","13"
"5006","432145","2021","51"
"5007","432146","2021","9"
"5008","432147","2021","9"
"5009","432149","2021","1"
"5010","432150","2021","69"
"5011","432160","2021","73"
"5012","432162","2021","3"
"5013","432163","2021","1"
"5014","432166","2021","16"
"5015","432170","2021","22"
"5016","432180","2021","36"
"5017","432183","2021","5"
"5018","432185","2021","7"
"5019","432190","2021","38"
"5020","432195","2021","17"
"5021","432200","2021","29"
"5022","432210","2021","1"
"5023","432215","2021","8"
"5024","432218","2021","2"
"5025","432220","2021","54"
"5026","432225","2021","10"
"5027","432230","2021","12"
"5028","432232","2021","2"
"5029","432237","2021","5"
"5030","432240","2021","184"
"5031","432250","2021","89"
"5032","432252","2021","6"
"5033","432253","2021","8"
"5034","432254","2021","10"
"5035","432255","2021","1"
"5036","432260","2021","83"
"5037","432270","2021","32"
"5038","432280","2021","36"
"5039","432285","2021","2"
"5040","432290","2021","8"
"5041","432300","2021","265"
"5042","432310","2021","7"
"5043","432320","2021","4"
"5044","432330","2021","2"
"5045","432335","2021","4"
"5046","432340","2021","5"
"5047","432345","2021","4"
"5048","432350","2021","2"
"5049","432370","2021","4"
"5050","432375","2021","2"
"5051","432377","2021","4"
"5052","432380","2021","23"
"5053","500020","2021","26"
"5054","500025","2021","11"
"5055","500060","2021","119"
"5056","500070","2021","43"
"5057","500080","2021","16"
"5058","500085","2021","31"
"5059","500090","2021","19"
"5060","500100","2021","33"
"5061","500110","2021","73"
"5062","500124","2021","16"
"5063","500150","2021","3"
"5064","500190","2021","39"
"5065","500200","2021","18"
"5066","500210","2021","74"
"5067","500215","2021","22"
"5068","500220","2021","77"
"5069","500230","2021","14"
"5070","500240","2021","57"
"5071","500260","2021","26"
"5072","500270","2021","1202"
"5073","500280","2021","10"
"5074","500290","2021","35"
"5075","500295","2021","71"
"5076","500310","2021","1"
"5077","500315","2021","57"
"5078","500320","2021","423"
"5079","500325","2021","48"
"5080","500330","2021","63"
"5081","500345","2021","22"
"5082","500348","2021","7"
"5083","500350","2021","17"
"5084","500370","2021","576"
"5085","500375","2021","31"
"5086","500380","2021","18"
"5087","500390","2021","3"
"5088","500400","2021","15"
"5089","500410","2021","17"
"5090","500430","2021","46"
"5091","500440","2021","13"
"5092","500450","2021","36"
"5093","500460","2021","28"
"5094","500470","2021","28"
"5095","500480","2021","40"
"5096","500490","2021","6"
"5097","500500","2021","47"
"5098","500510","2021","2"
"5099","500515","2021","11"
"5100","500520","2021","72"
"5101","500525","2021","23"
"5102","500540","2021","71"
"5103","500560","2021","77"
"5104","500568","2021","37"
"5105","500570","2021","68"
"5106","500580","2021","13"
"5107","500600","2021","41"
"5108","500620","2021","111"
"5109","500625","2021","8"
"5110","500627","2021","7"
"5111","500630","2021","55"
"5112","500635","2021","78"
"5113","500640","2021","9"
"5114","500660","2021","250"
"5115","500690","2021","49"
"5116","500710","2021","34"
"5117","500720","2021","69"
"5118","500730","2021","6"
"5119","500740","2021","28"
"5120","500750","2021","7"
"5121","500755","2021","13"
"5122","500769","2021","77"
"5123","500770","2021","11"
"5124","500780","2021","5"
"5125","500790","2021","93"
"5126","500793","2021","26"
"5127","500795","2021","25"
"5128","500797","2021","10"
"5129","500800","2021","14"
"5130","500830","2021","129"
"5131","500840","2021","14"
"5132","510010","2021","3"
"5133","510020","2021","61"
"5134","510025","2021","76"
"5135","510030","2021","21"
"5136","510035","2021","10"
"5137","510040","2021","13"
"5138","510050","2021","10"
"5139","510060","2021","18"
"5140","510080","2021","20"
"5141","510100","2021","5"
"5142","510120","2021","1"
"5143","510125","2021","32"
"5144","510130","2021","25"
"5145","510140","2021","33"
"5146","510160","2021","6"
"5147","510170","2021","43"
"5148","510180","2021","104"
"5149","510185","2021","15"
"5150","510190","2021","68"
"5151","510250","2021","246"
"5152","510260","2021","19"
"5153","510263","2021","75"
"5154","510267","2021","134"
"5155","510268","2021","17"
"5156","510269","2021","9"
"5157","510270","2021","45"
"5158","510279","2021","13"
"5159","510285","2021","20"
"5160","510300","2021","36"
"5161","510305","2021","20"
"5162","510310","2021","10"
"5163","510320","2021","79"
"5164","510325","2021","46"
"5165","510330","2021","29"
"5166","510335","2021","73"
"5167","510336","2021","6"
"5168","510337","2021","7"
"5169","510340","2021","1162"
"5170","510343","2021","5"
"5171","510345","2021","24"
"5172","510350","2021","46"
"5173","510360","2021","6"
"5174","510370","2021","37"
"5175","510380","2021","4"
"5176","510385","2021","30"
"5177","510390","2021","10"
"5178","510395","2021","2"
"5179","510410","2021","74"
"5180","510420","2021","8"
"5181","510452","2021","17"
"5182","510454","2021","20"
"5183","510455","2021","10"
"5184","510460","2021","17"
"5185","510480","2021","33"
"5186","510490","2021","7"
"5187","510500","2021","6"
"5188","510510","2021","70"
"5189","510515","2021","127"
"5190","510517","2021","7"
"5191","510520","2021","11"
"5192","510523","2021","4"
"5193","510525","2021","151"
"5194","510530","2021","1"
"5195","510550","2021","34"
"5196","510558","2021","24"
"5197","510560","2021","29"
"5198","510562","2021","58"
"5199","510590","2021","34"
"5200","510600","2021","7"
"5201","510610","2021","14"
"5202","510615","2021","28"
"5203","510617","2021","8"
"5204","510618","2021","8"
"5205","510619","2021","18"
"5206","510620","2021","5"
"5207","510621","2021","28"
"5208","510622","2021","85"
"5209","510623","2021","33"
"5210","510624","2021","30"
"5211","510625","2021","32"
"5212","510626","2021","14"
"5213","510627","2021","6"
"5214","510628","2021","3"
"5215","510629","2021","21"
"5216","510630","2021","44"
"5217","510631","2021","4"
"5218","510637","2021","22"
"5219","510642","2021","83"
"5220","510645","2021","5"
"5221","510650","2021","49"
"5222","510665","2021","4"
"5223","510670","2021","2"
"5224","510675","2021","89"
"5225","510677","2021","23"
"5226","510680","2021","7"
"5227","510682","2021","16"
"5228","510685","2021","3"
"5229","510700","2021","28"
"5230","510704","2021","216"
"5231","510706","2021","50"
"5232","510710","2021","27"
"5233","510715","2021","3"
"5234","510718","2021","17"
"5235","510719","2021","2"
"5236","510720","2021","7"
"5237","510724","2021","8"
"5238","510726","2021","1"
"5239","510729","2021","2"
"5240","510730","2021","24"
"5241","510735","2021","20"
"5242","510740","2021","5"
"5243","510757","2021","2"
"5244","510760","2021","317"
"5245","510770","2021","22"
"5246","510774","2021","5"
"5247","510775","2021","4"
"5248","510776","2021","7"
"5249","510777","2021","19"
"5250","510779","2021","7"
"5251","510780","2021","24"
"5252","510785","2021","20"
"5253","510787","2021","59"
"5254","510788","2021","3"
"5255","510790","2021","391"
"5256","510792","2021","323"
"5257","510794","2021","6"
"5258","510795","2021","223"
"5259","510800","2021","27"
"5260","510805","2021","19"
"5261","510810","2021","2"
"5262","510820","2021","3"
"5263","510830","2021","4"
"5264","510835","2021","5"
"5265","510840","2021","478"
"5266","510850","2021","24"
"5267","510860","2021","36"
"5268","510880","2021","18"
"5269","510885","2021","6"
"5270","510890","2021","16"
"5271","510895","2021","8"
"5272","520005","2021","21"
"5273","520010","2021","15"
"5274","520013","2021","30"
"5275","520015","2021","4"
"5276","520017","2021","3"
"5277","520020","2021","4"
"5278","520025","2021","365"
"5279","520030","2021","40"
"5280","520050","2021","4"
"5281","520055","2021","20"
"5282","520060","2021","13"
"5283","520080","2021","13"
"5284","520082","2021","1"
"5285","520085","2021","7"
"5286","520090","2021","2"
"5287","520110","2021","475"
"5288","520120","2021","1"
"5289","520130","2021","26"
"5290","520140","2021","796"
"5291","520145","2021","2"
"5292","520150","2021","7"
"5293","520160","2021","3"
"5294","520170","2021","34"
"5295","520180","2021","17"
"5296","520215","2021","4"
"5297","520235","2021","1"
"5298","520250","2021","13"
"5299","520260","2021","2"
"5300","520320","2021","10"
"5301","520330","2021","40"
"5302","520340","2021","13"
"5303","520350","2021","30"
"5304","520355","2021","11"
"5305","520357","2021","4"
"5306","520360","2021","6"
"5307","520380","2021","7"
"5308","520390","2021","8"
"5309","520393","2021","2"
"5310","520396","2021","3"
"5311","520400","2021","6"
"5312","520410","2021","7"
"5313","520420","2021","3"
"5314","520425","2021","8"
"5315","520430","2021","17"
"5316","520440","2021","17"
"5317","520450","2021","154"
"5318","520455","2021","5"
"5319","520460","2021","5"
"5320","520465","2021","1"
"5321","520470","2021","17"
"5322","520480","2021","12"
"5323","520485","2021","4"
"5324","520490","2021","43"
"5325","520495","2021","2"
"5326","520500","2021","9"
"5327","520505","2021","6"
"5328","520510","2021","177"
"5329","520520","2021","7"
"5330","520530","2021","23"
"5331","520540","2021","33"
"5332","520545","2021","11"
"5333","520547","2021","28"
"5334","520549","2021","127"
"5335","520551","2021","26"
"5336","520552","2021","4"
"5337","520570","2021","1"
"5338","520580","2021","5"
"5339","520590","2021","13"
"5340","520620","2021","85"
"5341","520630","2021","7"
"5342","520640","2021","31"
"5343","520650","2021","4"
"5344","520660","2021","4"
"5345","520670","2021","8"
"5346","520680","2021","2"
"5347","520690","2021","3"
"5348","520710","2021","3"
"5349","520725","2021","3"
"5350","520735","2021","4"
"5351","520740","2021","15"
"5352","520750","2021","3"
"5353","520753","2021","8"
"5354","520760","2021","5"
"5355","520780","2021","8"
"5356","520790","2021","9"
"5357","520800","2021","166"
"5358","520810","2021","4"
"5359","520815","2021","1"
"5360","520830","2021","4"
"5361","520840","2021","13"
"5362","520850","2021","1"
"5363","520860","2021","77"
"5364","520870","2021","2188"
"5365","520880","2021","113"
"5366","520890","2021","28"
"5367","520910","2021","71"
"5368","520915","2021","6"
"5369","520920","2021","23"
"5370","520929","2021","1"
"5371","520945","2021","3"
"5372","520960","2021","6"
"5373","520970","2021","39"
"5374","520980","2021","7"
"5375","520990","2021","14"
"5376","520993","2021","9"
"5377","520995","2021","22"
"5378","521000","2021","75"
"5379","521010","2021","33"
"5380","521015","2021","3"
"5381","521020","2021","29"
"5382","521030","2021","1"
"5383","521040","2021","53"
"5384","521056","2021","2"
"5385","521060","2021","7"
"5386","521080","2021","5"
"5387","521090","2021","33"
"5388","521100","2021","7"
"5389","521120","2021","43"
"5390","521130","2021","3"
"5391","521140","2021","15"
"5392","521150","2021","150"
"5393","521170","2021","8"
"5394","521180","2021","54"
"5395","521190","2021","181"
"5396","521200","2021","6"
"5397","521210","2021","10"
"5398","521220","2021","27"
"5399","521230","2021","7"
"5400","521250","2021","290"
"5401","521270","2021","12"
"5402","521280","2021","13"
"5403","521290","2021","6"
"5404","521295","2021","5"
"5405","521300","2021","9"
"5406","521305","2021","3"
"5407","521308","2021","44"
"5408","521310","2021","79"
"5409","521340","2021","1"
"5410","521350","2021","13"
"5411","521370","2021","10"
"5412","521375","2021","13"
"5413","521377","2021","5"
"5414","521380","2021","77"
"5415","521385","2021","5"
"5416","521390","2021","5"
"5417","521400","2021","26"
"5418","521405","2021","7"
"5419","521410","2021","3"
"5420","521440","2021","9"
"5421","521450","2021","32"
"5422","521460","2021","16"
"5423","521470","2021","3"
"5424","521480","2021","2"
"5425","521483","2021","15"
"5426","521486","2021","5"
"5427","521487","2021","6"
"5428","521490","2021","8"
"5429","521500","2021","14"
"5430","521520","2021","6"
"5431","521523","2021","186"
"5432","521525","2021","1"
"5433","521530","2021","17"
"5434","521540","2021","3"
"5435","521550","2021","5"
"5436","521560","2021","38"
"5437","521565","2021","2"
"5438","521570","2021","45"
"5439","521580","2021","1"
"5440","521600","2021","3"
"5441","521630","2021","4"
"5442","521640","2021","16"
"5443","521645","2021","2"
"5444","521680","2021","10"
"5445","521690","2021","4"
"5446","521710","2021","34"
"5447","521720","2021","7"
"5448","521730","2021","15"
"5449","521740","2021","49"
"5450","521760","2021","139"
"5451","521770","2021","14"
"5452","521800","2021","68"
"5453","521805","2021","4"
"5454","521810","2021","4"
"5455","521830","2021","48"
"5456","521839","2021","7"
"5457","521850","2021","76"
"5458","521860","2021","11"
"5459","521870","2021","4"
"5460","521878","2021","4"
"5461","521880","2021","388"
"5462","521890","2021","22"
"5463","521900","2021","6"
"5464","521910","2021","9"
"5465","521925","2021","3"
"5466","521930","2021","41"
"5467","521935","2021","2"
"5468","521940","2021","10"
"5469","521945","2021","1"
"5470","521950","2021","3"
"5471","521960","2021","2"
"5472","521970","2021","17"
"5473","521971","2021","9"
"5474","521973","2021","7"
"5475","521975","2021","114"
"5476","521980","2021","14"
"5477","521990","2021","6"
"5478","522000","2021","13"
"5479","522010","2021","24"
"5480","522015","2021","6"
"5481","522020","2021","23"
"5482","522026","2021","3"
"5483","522028","2021","4"
"5484","522040","2021","18"
"5485","522045","2021","280"
"5486","522050","2021","6"
"5487","522060","2021","13"
"5488","522068","2021","9"
"5489","522070","2021","1"
"5490","522100","2021","6"
"5491","522108","2021","5"
"5492","522119","2021","7"
"5493","522130","2021","2"
"5494","522140","2021","191"
"5495","522145","2021","2"
"5496","522150","2021","4"
"5497","522155","2021","2"
"5498","522157","2021","3"
"5499","522160","2021","50"
"5500","522170","2021","14"
"5501","522180","2021","4"
"5502","522185","2021","229"
"5503","522190","2021","4"
"5504","522200","2021","18"
"5505","522205","2021","9"
"5506","522220","2021","7"
"5507","522230","2021","4"
"5508","530010","2021","4520"
